TRANSMITPACKET,1,2,0.000000,10.120000,OSPF_HELLO,2,
TRANSMITPACKET,2,1,0.000000,10.120000,OSPF_HELLO,2,
TRANSMITPACKET,1,4,6881.000000,8769.000000,DIO,2,
TRANSMITPACKET,1,5,6881.000000,8769.000000,DIO,2,
TRANSMITPACKET,1,7,6881.000000,8769.000000,DIO,2,
TRANSMITPACKET,4,1,10369.000000,12129.000000,DAO,1,
TRANSMITPACKET,7,1,13377.000000,15137.000000,DAO,2,
TRANSMITPACKET,4,1,16186.000000,18074.000000,DIO,1,
TRANSMITPACKET,4,6,16186.000000,18074.000000,DIO,2,
TRANSMITPACKET,4,7,16186.000000,18074.000000,DIO,1,
TRANSMITPACKET,5,8,16802.000000,18690.000000,DIO,2,
TRANSMITPACKET,6,4,18714.000000,20474.000000,DAO,1,
TRANSMITPACKET,1,5,19011.000000,20899.000000,DIO,2,
TRANSMITPACKET,1,7,19011.000000,20899.000000,DIO,1,
TRANSMITPACKET,8,5,20930.000000,22690.000000,DAO,2,
TRANSMITPACKET,6,4,23393.000000,25281.000000,DIO,1,
TRANSMITPACKET,7,1,23460.000000,25348.000000,DIO,2,
TRANSMITPACKET,7,5,23460.000000,25348.000000,DIO,2,
TRANSMITPACKET,7,8,23460.000000,25348.000000,DIO,2,
TRANSMITPACKET,5,1,25988.000000,27748.000000,DAO,2,
TRANSMITPACKET,8,7,25989.000000,27877.000000,DIO,1,
TRANSMITPACKET,4,1,30681.000000,32569.000000,DIO,2,
TRANSMITPACKET,4,6,30681.000000,32569.000000,DIO,2,
TRANSMITPACKET,4,7,30681.000000,32569.000000,DIO,1,
TRANSMITPACKET,7,1,33799.000000,35687.000000,DIO,2,
TRANSMITPACKET,7,4,33799.000000,35687.000000,DIO,2,
TRANSMITPACKET,7,5,33799.000000,35687.000000,DIO,1,
TRANSMITPACKET,7,6,33799.000000,35687.000000,DIO,2,
TRANSMITPACKET,5,1,36328.000000,38216.000000,DIO,2,
TRANSMITPACKET,5,7,36328.000000,38216.000000,DIO,1,
TRANSMITPACKET,5,8,36328.000000,38216.000000,DIO,2,
TRANSMITPACKET,6,4,41255.000000,43143.000000,DIO,2,
TRANSMITPACKET,6,7,41255.000000,43143.000000,DIO,1,
TRANSMITPACKET,8,5,43084.000000,44972.000000,DIO,2,
TRANSMITPACKET,4,1,44104.000000,45864.000000,DAO,1,
TRANSMITPACKET,5,7,45613.000000,47501.000000,DIO,1,
TRANSMITPACKET,5,8,45613.000000,47501.000000,DIO,2,
TRANSMITPACKET,4,1,48105.000000,49993.000000,DIO,2,
TRANSMITPACKET,4,6,48105.000000,49993.000000,DIO,2,
TRANSMITPACKET,4,7,48105.000000,49993.000000,DIO,2,
TRANSMITPACKET,7,1,54269.000000,56157.000000,DIO,2,
TRANSMITPACKET,7,4,54269.000000,56157.000000,DIO,2,
TRANSMITPACKET,7,5,54269.000000,56157.000000,DIO,2,
TRANSMITPACKET,7,6,54269.000000,56157.000000,DIO,2,
TRANSMITPACKET,7,8,54269.000000,56157.000000,DIO,2,
TRANSMITPACKET,4,1,57438.000000,59326.000000,DIO,2,
TRANSMITPACKET,4,6,57438.000000,59326.000000,DIO,2,
TRANSMITPACKET,4,7,57438.000000,59326.000000,DIO,2,
TRANSMITPACKET,6,4,59967.000000,61855.000000,DIO,1,
TRANSMITPACKET,6,7,59967.000000,61855.000000,DIO,1,
TRANSMITPACKET,1,5,60607.000000,62495.000000,DIO,2,
TRANSMITPACKET,5,1,73643.000000,75531.000000,DIO,2,
TRANSMITPACKET,5,7,73643.000000,75531.000000,DIO,2,
TRANSMITPACKET,5,8,73643.000000,75531.000000,DIO,2,
TRANSMITPACKET,8,5,82365.000000,84253.000000,DIO,2,
TRANSMITPACKET,8,7,82365.000000,84253.000000,DIO,2,
TRANSMITPACKET,4,1,85320.000000,87208.000000,DIO,2,
TRANSMITPACKET,4,6,85320.000000,87208.000000,DIO,2,
TRANSMITPACKET,4,7,85320.000000,87208.000000,DIO,2,
TRANSMITPACKET,6,4,91249.000000,93137.000000,DIO,2,
TRANSMITPACKET,6,7,91249.000000,93137.000000,DIO,2,
TRANSMITPACKET,1,4,102901.000000,104789.000000,DIO,2,
TRANSMITPACKET,1,5,102901.000000,104789.000000,DIO,2,
TRANSMITPACKET,1,7,102901.000000,104789.000000,DIO,2,
TRANSMITPACKET,7,1,118243.000000,120131.000000,DIO,2,
TRANSMITPACKET,7,4,118243.000000,120131.000000,DIO,2,
TRANSMITPACKET,7,5,118243.000000,120131.000000,DIO,2,
TRANSMITPACKET,7,6,118243.000000,120131.000000,DIO,2,
TRANSMITPACKET,7,8,118243.000000,120131.000000,DIO,2,
TRANSMITPACKET,5,1,125517.000000,127405.000000,DIO,2,
TRANSMITPACKET,5,7,125517.000000,127405.000000,DIO,2,
TRANSMITPACKET,5,8,125517.000000,127405.000000,DIO,2,
TRANSMITPACKET,8,5,136656.000000,138544.000000,DIO,2,
TRANSMITPACKET,8,7,136656.000000,138544.000000,DIO,1,
TRANSMITPACKET,6,4,137568.000000,139456.000000,DIO,2,
TRANSMITPACKET,4,1,150502.000000,152390.000000,DIO,2,
TRANSMITPACKET,4,6,150502.000000,152390.000000,DIO,2,
TRANSMITPACKET,4,7,150502.000000,152390.000000,DIO,2,
TRANSMITPACKET,1,4,199292.000000,201180.000000,DIO,2,
TRANSMITPACKET,1,5,199292.000000,201180.000000,DIO,2,
TRANSMITPACKET,1,7,199292.000000,201180.000000,DIO,2,
TRANSMITPACKET,4,1,223792.000000,225680.000000,DIO,2,
TRANSMITPACKET,4,6,223792.000000,225680.000000,DIO,2,
TRANSMITPACKET,4,7,223792.000000,225680.000000,DIO,2,
TRANSMITPACKET,8,5,242255.000000,244143.000000,DIO,2,
TRANSMITPACKET,8,7,242255.000000,244143.000000,DIO,2,
TRANSMITPACKET,7,1,245424.000000,247312.000000,DIO,2,
TRANSMITPACKET,7,4,245424.000000,247312.000000,DIO,2,
TRANSMITPACKET,7,5,245424.000000,247312.000000,DIO,2,
TRANSMITPACKET,7,6,245424.000000,247312.000000,DIO,2,
TRANSMITPACKET,7,8,245424.000000,247312.000000,DIO,2,
TRANSMITPACKET,5,1,247633.000000,249521.000000,DIO,2,
TRANSMITPACKET,5,7,247633.000000,249521.000000,DIO,2,
TRANSMITPACKET,5,8,247633.000000,249521.000000,DIO,2,
TRANSMITPACKET,6,4,249873.000000,251761.000000,DIO,2,
TRANSMITPACKET,6,7,249873.000000,251761.000000,DIO,2,
TRANSMITPACKET,5,1,414503.000000,416391.000000,DIO,2,
TRANSMITPACKET,5,7,414503.000000,416391.000000,DIO,2,
TRANSMITPACKET,5,8,414503.000000,416391.000000,DIO,2,
TRANSMITPACKET,8,5,419773.000000,421661.000000,DIO,2,
TRANSMITPACKET,8,7,419773.000000,421661.000000,DIO,2,
TRANSMITPACKET,7,1,447678.000000,449566.000000,DIO,2,
TRANSMITPACKET,7,4,447678.000000,449566.000000,DIO,2,
TRANSMITPACKET,7,5,447678.000000,449566.000000,DIO,2,
TRANSMITPACKET,7,6,447678.000000,449566.000000,DIO,2,
TRANSMITPACKET,7,8,447678.000000,449566.000000,DIO,2,
TRANSMITPACKET,4,1,478889.000000,480777.000000,DIO,2,
TRANSMITPACKET,4,6,478889.000000,480777.000000,DIO,2,
TRANSMITPACKET,4,7,478889.000000,480777.000000,DIO,2,
TRANSMITPACKET,1,4,488878.000000,490766.000000,DIO,1,
TRANSMITPACKET,1,5,488878.000000,490766.000000,DIO,2,
TRANSMITPACKET,1,7,488878.000000,490766.000000,DIO,1,
TRANSMITPACKET,8,7,572211.000000,576435.000000,App1_EMULATION-1,0,
TRANSMITPACKET,7,1,578675.000000,582899.000000,App1_EMULATION-1,0,
TRANSMITPACKET,1,2,582899.000000,582913.680000,App1_EMULATION-1,0,
TRANSMITPACKET,2,3,582913.680000,582930.440000,App1_EMULATION-1,0,
TRANSMITPACKET,5,1,811317.000000,813205.000000,DIO,2,
TRANSMITPACKET,5,7,811317.000000,813205.000000,DIO,2,
TRANSMITPACKET,5,8,811317.000000,813205.000000,DIO,2,
TRANSMITPACKET,7,1,815126.000000,817014.000000,DIO,2,
TRANSMITPACKET,7,4,815126.000000,817014.000000,DIO,2,
TRANSMITPACKET,7,5,815126.000000,817014.000000,DIO,2,
TRANSMITPACKET,7,6,815126.000000,817014.000000,DIO,2,
TRANSMITPACKET,7,8,815126.000000,817014.000000,DIO,2,
TRANSMITPACKET,8,5,863148.000000,865036.000000,DIO,2,
TRANSMITPACKET,8,7,863148.000000,865036.000000,DIO,2,
TRANSMITPACKET,4,1,870040.000000,871928.000000,DIO,2,
TRANSMITPACKET,4,6,870040.000000,871928.000000,DIO,2,
TRANSMITPACKET,4,7,870040.000000,871928.000000,DIO,2,
TRANSMITPACKET,8,7,873653.000000,877877.000000,App1_EMULATION-2,1,
TRANSMITPACKET,6,4,876562.000000,878450.000000,DIO,2,
TRANSMITPACKET,5,1,1009837.506729,1011597.506729,DAO,1,
TRANSMITPACKET,1,4,1014143.400067,1016031.400067,DIO,2,
TRANSMITPACKET,1,5,1014143.400067,1016031.400067,DIO,2,
TRANSMITPACKET,8,7,1018891.906796,1020651.906796,DAO,1,
TRANSMITPACKET,8,7,1026706.293405,1028466.293405,DAO,2,
TRANSMITPACKET,5,1,1029616.506729,1031376.506729,DAO,2,
TRANSMITPACKET,4,1,1036420.400067,1038180.400067,DAO,2,
TRANSMITPACKET,6,7,1039590.186743,1041350.186743,DAO,2,
TRANSMITPACKET,8,7,1216079.000000,1220303.000000,App1_EMULATION-3,0,
TRANSMITPACKET,7,1,1222223.000000,1226447.000000,App1_EMULATION-3,0,
TRANSMITPACKET,1,2,1226447.000000,1226461.680000,App1_EMULATION-3,0,
TRANSMITPACKET,2,3,1226461.680000,1226478.440000,App1_EMULATION-3,0,
TRANSMITPACKET,8,5,1617844.000000,1619732.000000,DIO,2,
TRANSMITPACKET,8,7,1617844.000000,1619732.000000,DIO,2,
TRANSMITPACKET,7,1,1636638.000000,1638526.000000,DIO,2,
TRANSMITPACKET,7,4,1636638.000000,1638526.000000,DIO,2,
TRANSMITPACKET,7,5,1636638.000000,1638526.000000,DIO,2,
TRANSMITPACKET,7,6,1636638.000000,1638526.000000,DIO,2,
TRANSMITPACKET,7,8,1636638.000000,1638526.000000,DIO,2,
TRANSMITPACKET,4,1,1663150.000000,1665038.000000,DIO,2,
TRANSMITPACKET,4,6,1663150.000000,1665038.000000,DIO,2,
TRANSMITPACKET,4,7,1663150.000000,1665038.000000,DIO,2,
TRANSMITPACKET,8,7,1814228.000000,1818676.000000,App1_EMULATION-4,0,
TRANSMITPACKET,5,1,1819143.000000,1821031.000000,DIO,2,
TRANSMITPACKET,5,7,1819143.000000,1821031.000000,DIO,2,
TRANSMITPACKET,5,8,1819143.000000,1821031.000000,DIO,2,
TRANSMITPACKET,7,1,1822312.000000,1826760.000000,App1_EMULATION-4,0,
TRANSMITPACKET,1,2,1826760.000000,1826775.240000,App1_EMULATION-4,0,
TRANSMITPACKET,2,3,1826775.240000,1826792.560000,App1_EMULATION-4,0,
TRANSMITPACKET,8,7,1832232.000000,1834952.000000,App1_EMULATION-4,0,
TRANSMITPACKET,1,4,2003902.000000,2005790.000000,DIO,2,
TRANSMITPACKET,1,5,2003902.000000,2005790.000000,DIO,2,
TRANSMITPACKET,1,7,2003902.000000,2005790.000000,DIO,2,
TRANSMITPACKET,4,1,2009275.800134,2011035.800134,DAO,1,
TRANSMITPACKET,7,1,2013188.573351,2014948.573351,DAO,2,
TRANSMITPACKET,6,7,2017699.093539,2019459.093539,DAO,2,
TRANSMITPACKET,8,7,2019610.200201,2021370.200201,DAO,2,
TRANSMITPACKET,8,7,2026144.586810,2027904.586810,DAO,2,
TRANSMITPACKET,5,1,2032285.013459,2034045.013459,DAO,2,
TRANSMITPACKET,4,1,2035873.800134,2037633.800134,DAO,2,
TRANSMITPACKET,6,4,2039649.000000,2041537.000000,DIO,2,
TRANSMITPACKET,6,7,2039649.000000,2041537.000000,DIO,2,
TRANSMITPACKET,6,7,2042818.000000,2044578.000000,DAO,2,
TRANSMITPACKET,7,1,3009318.360027,3011078.360027,DAO,1,
TRANSMITPACKET,4,1,3011929.200201,3013689.200201,DAO,2,
TRANSMITPACKET,8,7,3016669.000000,3021117.000000,App1_EMULATION-5,1,
TRANSMITPACKET,8,7,3022723.280282,3027139.280282,App1_EMULATION-5,0,
TRANSMITPACKET,5,1,3028233.520188,3029993.520188,DAO,2,
TRANSMITPACKET,8,7,3035460.280282,3037220.280282,DAO,1,
TRANSMITPACKET,4,1,3035967.200201,3037727.200201,DAO,2,
TRANSMITPACKET,8,7,3039968.200201,3041728.200201,DAO,1,
TRANSMITPACKET,5,1,3141655.000000,3143543.000000,DIO,2,
TRANSMITPACKET,5,7,3141655.000000,3143543.000000,DIO,2,
TRANSMITPACKET,5,8,3141655.000000,3143543.000000,DIO,2,
TRANSMITPACKET,6,4,3298522.000000,3300410.000000,DIO,2,
TRANSMITPACKET,6,7,3298522.000000,3300410.000000,DIO,2,
TRANSMITPACKET,7,1,3361982.000000,3363870.000000,DIO,2,
TRANSMITPACKET,7,4,3361982.000000,3363870.000000,DIO,2,
TRANSMITPACKET,7,5,3361982.000000,3363870.000000,DIO,2,
TRANSMITPACKET,7,6,3361982.000000,3363870.000000,DIO,2,
TRANSMITPACKET,7,8,3361982.000000,3363870.000000,DIO,2,
TRANSMITPACKET,8,7,3375976.000000,3380424.000000,App1_EMULATION-6,0,
TRANSMITPACKET,7,1,3382344.000000,3386792.000000,App1_EMULATION-6,0,
TRANSMITPACKET,1,2,3386792.000000,3386807.240000,App1_EMULATION-6,0,
TRANSMITPACKET,2,3,3386807.240000,3386824.560000,App1_EMULATION-6,0,
TRANSMITPACKET,8,5,3474392.000000,3476280.000000,DIO,2,
TRANSMITPACKET,8,7,3474392.000000,3476280.000000,DIO,2,
TRANSMITPACKET,8,7,3652493.000000,3656717.000000,App1_EMULATION-7,0,
TRANSMITPACKET,7,1,3657997.000000,3662221.000000,App1_EMULATION-7,0,
TRANSMITPACKET,1,2,3662221.000000,3662235.680000,App1_EMULATION-7,0,
TRANSMITPACKET,2,3,3662235.680000,3662252.440000,App1_EMULATION-7,0,
TRANSMITPACKET,4,1,4008182.600269,4009942.600269,DAO,1,
TRANSMITPACKET,7,1,4013448.146702,4015208.146702,DAO,2,
TRANSMITPACKET,6,7,4019425.467025,4021185.467025,DAO,1,
TRANSMITPACKET,8,7,4025981.173620,4027741.173620,DAO,2,
TRANSMITPACKET,5,1,4029622.026917,4031382.026917,DAO,1,
TRANSMITPACKET,4,6,4029945.000000,4031833.000000,DIO,2,
TRANSMITPACKET,4,7,4029945.000000,4031833.000000,DIO,1,
TRANSMITPACKET,4,1,4035100.600269,4036860.600269,DAO,2,
TRANSMITPACKET,6,7,4037347.746971,4039107.746971,DAO,1,
TRANSMITPACKET,1,4,4038781.600269,4040669.600269,DIO,1,
TRANSMITPACKET,1,5,4038781.600269,4040669.600269,DIO,2,
TRANSMITPACKET,8,7,4572458.000000,4576682.000000,App1_EMULATION-8,0,
TRANSMITPACKET,7,1,4577642.000000,4581866.000000,App1_EMULATION-8,0,
TRANSMITPACKET,1,2,4581866.000000,4581880.680000,App1_EMULATION-8,0,
TRANSMITPACKET,2,3,4581880.680000,4581897.440000,App1_EMULATION-8,0,
TRANSMITPACKET,4,1,5008596.000336,5010356.000336,DAO,1,
TRANSMITPACKET,6,7,5017248.653768,5019008.653768,DAO,1,
TRANSMITPACKET,7,1,5021737.933378,5023497.933378,DAO,2,
TRANSMITPACKET,8,7,5026059.467025,5027819.467025,DAO,2,
TRANSMITPACKET,5,1,5029730.533647,5031490.533647,DAO,2,
TRANSMITPACKET,6,7,5036322.933714,5038082.933714,DAO,1,
TRANSMITPACKET,4,1,5036474.000336,5038234.000336,DAO,2,
TRANSMITPACKET,8,7,5573497.000000,5577721.000000,App1_EMULATION-9,0,
TRANSMITPACKET,7,1,5578361.000000,5582585.000000,App1_EMULATION-9,0,
TRANSMITPACKET,1,2,5582585.000000,5582599.680000,App1_EMULATION-9,0,
TRANSMITPACKET,2,3,5582599.680000,5582616.440000,App1_EMULATION-9,0,
TRANSMITPACKET,5,1,6007820.040376,6009580.040376,DAO,1,
TRANSMITPACKET,7,1,6011467.720054,6013227.720054,DAO,2,
TRANSMITPACKET,6,7,6017311.840510,6019071.840510,DAO,2,
TRANSMITPACKET,8,7,6019283.373821,6021043.373821,DAO,2,
TRANSMITPACKET,8,7,6024537.760430,6026297.760430,DAO,2,
TRANSMITPACKET,5,1,6028559.040376,6030319.040376,DAO,2,
TRANSMITPACKET,6,7,6034786.120457,6036546.120457,DAO,2,
TRANSMITPACKET,4,1,6039447.400403,6041207.400403,DAO,2,
TRANSMITPACKET,4,1,6401964.000000,6403852.000000,DIO,2,
TRANSMITPACKET,4,6,6401964.000000,6403852.000000,DIO,2,
TRANSMITPACKET,4,7,6401964.000000,6403852.000000,DIO,2,
TRANSMITPACKET,5,1,6468217.000000,6470105.000000,DIO,2,
TRANSMITPACKET,5,7,6468217.000000,6470105.000000,DIO,2,
TRANSMITPACKET,5,8,6468217.000000,6470105.000000,DIO,2,
TRANSMITPACKET,8,7,6573160.000000,6577384.000000,App1_EMULATION-10,0,
TRANSMITPACKET,7,1,6578664.000000,6582888.000000,App1_EMULATION-10,0,
TRANSMITPACKET,1,2,6582888.000000,6582902.680000,App1_EMULATION-10,0,
TRANSMITPACKET,2,3,6582902.680000,6582919.440000,App1_EMULATION-10,0,
TRANSMITPACKET,6,4,6991876.000000,6993764.000000,DIO,2,
TRANSMITPACKET,6,7,6991876.000000,6993764.000000,DIO,2,
TRANSMITPACKET,4,1,7009422.800470,7011182.800470,DAO,1,
TRANSMITPACKET,7,1,7014637.506729,7016397.506729,DAO,2,
TRANSMITPACKET,6,7,7016735.027253,7018495.027253,DAO,2,
TRANSMITPACKET,8,7,7018721.667226,7020481.667226,DAO,2,
TRANSMITPACKET,5,1,7024187.547105,7025947.547105,DAO,2,
TRANSMITPACKET,8,7,7033256.053835,7035016.053835,DAO,1,
TRANSMITPACKET,4,1,7037940.800470,7039700.800470,DAO,2,
TRANSMITPACKET,1,4,7058958.000000,7060846.000000,DIO,2,
TRANSMITPACKET,1,5,7058958.000000,7060846.000000,DIO,2,
TRANSMITPACKET,1,7,7058958.000000,7060846.000000,DIO,2,
TRANSMITPACKET,8,7,7576492.000000,7580716.000000,App1_EMULATION-11,0,
TRANSMITPACKET,7,1,7582956.000000,7587180.000000,App1_EMULATION-11,0,
TRANSMITPACKET,1,2,7587180.000000,7587194.680000,App1_EMULATION-11,0,
TRANSMITPACKET,2,3,7587194.680000,7587211.440000,App1_EMULATION-11,0,
TRANSMITPACKET,7,1,7705450.000000,7707338.000000,DIO,2,
TRANSMITPACKET,7,4,7705450.000000,7707338.000000,DIO,2,
TRANSMITPACKET,7,5,7705450.000000,7707338.000000,DIO,2,
TRANSMITPACKET,7,6,7705450.000000,7707338.000000,DIO,2,
TRANSMITPACKET,7,8,7705450.000000,7707338.000000,DIO,2,
TRANSMITPACKET,8,5,7779858.000000,7781746.000000,DIO,2,
TRANSMITPACKET,8,7,7779858.000000,7781746.000000,DIO,2,
TRANSMITPACKET,5,1,8007717.053835,8009477.053835,DAO,1,
TRANSMITPACKET,7,1,8015887.293405,8017647.293405,DAO,2,
TRANSMITPACKET,6,7,8019358.213996,8021118.213996,DAO,1,
TRANSMITPACKET,8,7,8024374.347240,8026134.347240,DAO,2,
TRANSMITPACKET,5,1,8029096.053835,8030856.053835,DAO,2,
TRANSMITPACKET,6,7,8035872.493942,8037632.493942,DAO,2,
TRANSMITPACKET,4,1,8038802.200537,8040562.200537,DAO,2,
TRANSMITPACKET,8,7,8577036.000000,8581260.000000,App1_EMULATION-12,0,
TRANSMITPACKET,7,1,8583180.000000,8587404.000000,App1_EMULATION-12,0,
TRANSMITPACKET,1,2,8587404.000000,8587418.680000,App1_EMULATION-12,0,
TRANSMITPACKET,2,3,8587418.680000,8587435.440000,App1_EMULATION-12,0,
TRANSMITPACKET,5,1,9007185.560564,9008945.560564,DAO,1,
TRANSMITPACKET,7,1,9011057.080081,9012817.080081,DAO,2,
TRANSMITPACKET,8,7,9017918.254036,9019678.254036,DAO,1,
TRANSMITPACKET,8,7,9024132.640645,9025892.640645,DAO,2,
TRANSMITPACKET,5,1,9029524.560564,9031284.560564,DAO,2,
TRANSMITPACKET,4,1,9034927.600604,9036687.600604,DAO,2,
TRANSMITPACKET,6,7,9040095.680685,9041855.680685,DAO,2,
TRANSMITPACKET,8,7,9578805.000000,9583029.000000,App1_EMULATION-13,0,
TRANSMITPACKET,7,1,9583669.000000,9587893.000000,App1_EMULATION-13,0,
TRANSMITPACKET,1,2,9587893.000000,9587907.680000,App1_EMULATION-13,0,
TRANSMITPACKET,2,3,9587907.680000,9587924.440000,App1_EMULATION-13,0,
TRANSMITPACKET,1,2,10000000.000000,10000010.440000,OSPF_HELLO,2,
TRANSMITPACKET,2,1,10000000.000000,10000010.440000,OSPF_HELLO,2,
TRANSMITPACKET,2,1,10000010.440000,10000019.600000,OSPF_DD,2,
TRANSMITPACKET,1,2,10000010.440000,10000019.600000,OSPF_DD,2,
TRANSMITPACKET,1,2,10000019.600000,10000030.360000,OSPF_DD,2,
TRANSMITPACKET,2,1,10000030.360000,10000041.120000,OSPF_DD,2,
TRANSMITPACKET,1,2,10000041.120000,10000050.280000,OSPF_DD,2,
TRANSMITPACKET,1,2,10000045.280000,10000054.760000,OSPF_LSREQ,2,
TRANSMITPACKET,2,1,10000050.280000,10000059.760000,OSPF_LSREQ,2,
TRANSMITPACKET,4,1,10007143.000671,10008903.000671,DAO,1,
TRANSMITPACKET,7,1,10012306.866756,10014066.866756,DAO,2,
TRANSMITPACKET,6,7,10016924.587481,10018684.587481,DAO,1,
TRANSMITPACKET,8,7,10024210.934050,10025970.934050,DAO,2,
TRANSMITPACKET,5,1,10027713.067293,10029473.067293,DAO,2,
TRANSMITPACKET,6,7,10034078.867428,10035838.867428,DAO,2,
TRANSMITPACKET,4,1,10036621.000671,10038381.000671,DAO,2,
TRANSMITPACKET,2,1,10055778.336684,10055790.056684,OSPF_LSUPDATE,2,
TRANSMITPACKET,1,2,10063572.789506,10063588.349506,OSPF_LSUPDATE,2,
TRANSMITPACKET,8,7,10580792.000000,10585016.000000,App1_EMULATION-14,0,
TRANSMITPACKET,7,1,10585976.000000,10590200.000000,App1_EMULATION-14,0,
TRANSMITPACKET,1,2,10590200.000000,10590214.680000,App1_EMULATION-14,0,
TRANSMITPACKET,2,3,10590214.680000,10590231.440000,App1_EMULATION-14,0,
TRANSMITPACKET,1,2,10623558.954201,10623569.074201,OSPF_LSACK,2,
TRANSMITPACKET,2,1,10853435.932847,10853446.052847,OSPF_LSACK,2,
TRANSMITPACKET,5,1,11007082.574023,11008842.574023,DAO,1,
TRANSMITPACKET,7,1,11010676.653432,11012436.653432,DAO,2,
TRANSMITPACKET,8,7,11016154.840846,11017914.840846,DAO,1,
TRANSMITPACKET,8,7,11023009.227454,11024769.227454,DAO,2,
TRANSMITPACKET,5,1,11027181.574023,11028941.574023,DAO,2,
TRANSMITPACKET,6,7,11035102.054170,11036862.054170,DAO,2,
TRANSMITPACKET,4,1,11037994.400739,11039754.400739,DAO,2,
TRANSMITPACKET,8,7,11594666.000000,11598890.000000,App1_EMULATION-15,0,
TRANSMITPACKET,7,1,11600810.000000,11605034.000000,App1_EMULATION-15,0,
TRANSMITPACKET,1,2,11605034.000000,11605048.680000,App1_EMULATION-15,0,
TRANSMITPACKET,2,3,11605048.680000,11605065.440000,App1_EMULATION-15,0,
TRANSMITPACKET,5,1,12006871.080752,12008631.080752,DAO,1,
TRANSMITPACKET,7,1,12011926.440107,12013686.440107,DAO,2,
TRANSMITPACKET,6,7,12016090.960967,12017850.960967,DAO,2,
TRANSMITPACKET,8,7,12018153.134251,12019913.134251,DAO,2,
TRANSMITPACKET,8,7,12022767.520859,12024527.520859,DAO,2,
TRANSMITPACKET,5,1,12027930.080752,12029690.080752,DAO,2,
TRANSMITPACKET,6,7,12034525.240913,12036285.240913,DAO,2,
TRANSMITPACKET,4,1,12038407.800806,12040167.800806,DAO,2,
TRANSMITPACKET,8,7,12598017.000000,12602241.000000,App1_EMULATION-16,0,
TRANSMITPACKET,7,1,12603521.000000,12607745.000000,App1_EMULATION-16,0,
TRANSMITPACKET,1,2,12607745.000000,12607759.680000,App1_EMULATION-16,0,
TRANSMITPACKET,2,3,12607759.680000,12607776.440000,App1_EMULATION-16,0,
TRANSMITPACKET,5,1,12646519.000000,12648407.000000,DIO,2,
TRANSMITPACKET,5,7,12646519.000000,12648407.000000,DIO,2,
TRANSMITPACKET,5,8,12646519.000000,12648407.000000,DIO,2,
TRANSMITPACKET,5,1,13007619.587481,13009379.587481,DAO,1,
TRANSMITPACKET,7,1,13009976.226783,13011736.226783,DAO,2,
TRANSMITPACKET,6,7,13017114.147710,13018874.147710,DAO,1,
TRANSMITPACKET,8,7,13023805.814264,13025565.814264,DAO,2,
TRANSMITPACKET,5,1,13027398.587481,13029158.587481,DAO,2,
TRANSMITPACKET,6,7,13032988.427656,13034748.427656,DAO,1,
TRANSMITPACKET,4,1,13033061.200873,13034821.200873,DAO,2,
TRANSMITPACKET,8,7,13595475.000000,13599699.000000,App1_EMULATION-17,0,
TRANSMITPACKET,7,1,13602259.000000,13606483.000000,App1_EMULATION-17,0,
TRANSMITPACKET,1,2,13606483.000000,13606497.680000,App1_EMULATION-17,0,
TRANSMITPACKET,2,3,13606497.680000,13606514.440000,App1_EMULATION-17,0,
TRANSMITPACKET,5,1,14006768.094211,14008528.094211,DAO,1,
TRANSMITPACKET,6,4,14010427.000000,14012315.000000,DIO,2,
TRANSMITPACKET,6,7,14010427.000000,14012315.000000,DIO,2,
TRANSMITPACKET,7,1,14013596.000000,14015356.000000,DAO,2,
TRANSMITPACKET,8,7,14016389.721061,14018149.721061,DAO,1,
TRANSMITPACKET,8,7,14022604.107669,14024364.107669,DAO,2,
TRANSMITPACKET,6,7,14033691.614399,14035451.614399,DAO,1,
TRANSMITPACKET,5,1,14034547.094211,14036307.094211,DAO,2,
TRANSMITPACKET,4,1,14038274.600940,14040034.600940,DAO,2,
TRANSMITPACKET,7,1,14306799.000000,14308687.000000,DIO,2,
TRANSMITPACKET,7,4,14306799.000000,14308687.000000,DIO,2,
TRANSMITPACKET,7,5,14306799.000000,14308687.000000,DIO,2,
TRANSMITPACKET,7,6,14306799.000000,14308687.000000,DIO,2,
TRANSMITPACKET,7,8,14306799.000000,14308687.000000,DIO,2,
TRANSMITPACKET,4,1,14335505.000000,14337393.000000,DIO,2,
TRANSMITPACKET,4,6,14335505.000000,14337393.000000,DIO,2,
TRANSMITPACKET,4,7,14335505.000000,14337393.000000,DIO,2,
TRANSMITPACKET,8,7,14595312.000000,14599536.000000,App1_EMULATION-18,0,
TRANSMITPACKET,7,1,14601456.000000,14605680.000000,App1_EMULATION-18,0,
TRANSMITPACKET,1,2,14605680.000000,14605694.680000,App1_EMULATION-18,0,
TRANSMITPACKET,2,3,14605694.680000,14605711.440000,App1_EMULATION-18,0,
TRANSMITPACKET,5,1,15007196.600940,15008956.600940,DAO,1,
TRANSMITPACKET,7,1,15010235.800134,15011995.800134,DAO,2,
TRANSMITPACKET,8,7,15015828.014466,15017588.014466,DAO,1,
TRANSMITPACKET,8,7,15023002.401074,15024762.401074,DAO,2,
TRANSMITPACKET,5,1,15027295.600940,15029055.600940,DAO,2,
TRANSMITPACKET,4,1,15033888.001007,15035648.001007,DAO,2,
TRANSMITPACKET,6,7,15034074.801141,15035834.801141,DAO,1,
TRANSMITPACKET,2,1,15152504.978125,15152517.658125,OSPF_LSUPDATE,2,
TRANSMITPACKET,1,4,15439781.000000,15441669.000000,DIO,2,
TRANSMITPACKET,1,5,15439781.000000,15441669.000000,DIO,2,
TRANSMITPACKET,1,7,15439781.000000,15441669.000000,DIO,2,
TRANSMITPACKET,8,7,15594206.000000,15598430.000000,App1_EMULATION-19,0,
TRANSMITPACKET,7,1,15599070.000000,15603294.000000,App1_EMULATION-19,0,
TRANSMITPACKET,1,2,15603294.000000,15603308.680000,App1_EMULATION-19,0,
TRANSMITPACKET,2,3,15603308.680000,15603325.440000,App1_EMULATION-19,0,
TRANSMITPACKET,8,5,15793226.000000,15795114.000000,DIO,2,
TRANSMITPACKET,8,7,15793226.000000,15795114.000000,DIO,2,
TRANSMITPACKET,4,1,16006103.401074,16007863.401074,DAO,1,
TRANSMITPACKET,7,1,16010525.586810,16012285.586810,DAO,2,
TRANSMITPACKET,6,7,16014103.707938,16015863.707938,DAO,1,
TRANSMITPACKET,8,7,16021800.694479,16023560.694479,DAO,2,
TRANSMITPACKET,5,1,16032204.107669,16033964.107669,DAO,1,
TRANSMITPACKET,6,7,16033177.987884,16034937.987884,DAO,1,
TRANSMITPACKET,8,7,16596133.000000,16600357.000000,App1_EMULATION-20,0,
TRANSMITPACKET,7,1,16604517.000000,16608741.000000,App1_EMULATION-20,0,
TRANSMITPACKET,1,2,16608741.000000,16608755.680000,App1_EMULATION-20,0,
TRANSMITPACKET,2,3,16608755.680000,16608772.440000,App1_EMULATION-20,0,
TRANSMITPACKET,1,2,16711897.860236,16711907.980236,OSPF_LSACK,2,
TRANSMITPACKET,4,1,17005876.801141,17007636.801141,DAO,1,
TRANSMITPACKET,7,1,17010495.373486,17012255.373486,DAO,2,
TRANSMITPACKET,6,7,17015126.894681,17016886.894681,DAO,1,
TRANSMITPACKET,8,7,17022198.987884,17023958.987884,DAO,2,
TRANSMITPACKET,4,1,17032154.801141,17033914.801141,DAO,1,
TRANSMITPACKET,6,7,17039961.174627,17041721.174627,DAO,2,
TRANSMITPACKET,8,7,17594846.000000,17599070.000000,App1_EMULATION-21,0,
TRANSMITPACKET,7,1,17600350.000000,17604574.000000,App1_EMULATION-21,0,
TRANSMITPACKET,1,2,17604574.000000,17604588.680000,App1_EMULATION-21,0,
TRANSMITPACKET,2,3,17604588.680000,17604605.440000,App1_EMULATION-21,0,
TRANSMITPACKET,4,1,18006290.201209,18008050.201209,DAO,1,
TRANSMITPACKET,7,1,18010785.160161,18012545.160161,DAO,2,
TRANSMITPACKET,8,7,18015422.894681,18017182.894681,DAO,1,
TRANSMITPACKET,8,7,18021317.281289,18023077.281289,DAO,2,
TRANSMITPACKET,5,1,18026981.121128,18028741.121128,DAO,2,
TRANSMITPACKET,6,7,18031704.361370,18033464.361370,DAO,2,
TRANSMITPACKET,4,1,18034488.201209,18036248.201209,DAO,2,
TRANSMITPACKET,8,7,18597698.000000,18601922.000000,App1_EMULATION-22,0,
TRANSMITPACKET,7,1,18602562.000000,18606786.000000,App1_EMULATION-22,0,
TRANSMITPACKET,1,2,18606786.000000,18606800.680000,App1_EMULATION-22,0,
TRANSMITPACKET,2,3,18606800.680000,18606817.440000,App1_EMULATION-22,0,
TRANSMITPACKET,4,1,19005103.601276,19006863.601276,DAO,1,
TRANSMITPACKET,7,1,19009474.946837,19011234.946837,DAO,2,
TRANSMITPACKET,6,7,19014613.268166,19016373.268166,DAO,1,
TRANSMITPACKET,8,7,19021715.574694,19023475.574694,DAO,2,
TRANSMITPACKET,5,1,19026129.627857,19027889.627857,DAO,2,
TRANSMITPACKET,6,7,19031767.548112,19033527.548112,DAO,2,
TRANSMITPACKET,4,1,19042389.601276,19044149.601276,DAO,2,
TRANSMITPACKET,8,7,19595661.000000,19599885.000000,App1_EMULATION-23,0,
TRANSMITPACKET,7,1,19600845.000000,19605069.000000,App1_EMULATION-23,0,
TRANSMITPACKET,1,2,19605069.000000,19605083.680000,App1_EMULATION-23,0,
TRANSMITPACKET,2,3,19605083.680000,19605100.440000,App1_EMULATION-23,0,
TRANSMITPACKET,1,2,20000000.000000,20000010.440000,OSPF_HELLO,2,
TRANSMITPACKET,2,1,20000000.000000,20000010.440000,OSPF_HELLO,2,
TRANSMITPACKET,5,1,20006459.134587,20008219.134587,DAO,1,
TRANSMITPACKET,7,1,20010404.733512,20012164.733512,DAO,2,
TRANSMITPACKET,6,7,20013076.454909,20014836.454909,DAO,1,
TRANSMITPACKET,8,7,20022113.868099,20023873.868099,DAO,2,
TRANSMITPACKET,5,1,20025918.134587,20027678.134587,DAO,2,
TRANSMITPACKET,4,1,20031475.001343,20033235.001343,DAO,2,
TRANSMITPACKET,6,7,20033750.734855,20035510.734855,DAO,2,
TRANSMITPACKET,8,7,20597629.000000,20601853.000000,App1_EMULATION-24,0,
TRANSMITPACKET,7,1,20602813.000000,20607037.000000,App1_EMULATION-24,0,
TRANSMITPACKET,1,2,20607037.000000,20607051.680000,App1_EMULATION-24,0,
TRANSMITPACKET,2,3,20607051.680000,20607068.440000,App1_EMULATION-24,0,
TRANSMITPACKET,4,1,21004650.401410,21006410.401410,DAO,1,
TRANSMITPACKET,7,1,21009094.520188,21010854.520188,DAO,2,
TRANSMITPACKET,8,7,21014697.774895,21016457.774895,DAO,1,
TRANSMITPACKET,8,7,21020912.161504,21022672.161504,DAO,2,
TRANSMITPACKET,5,1,21027626.641316,21029386.641316,DAO,2,
TRANSMITPACKET,6,7,21030933.921598,21032693.921598,DAO,2,
TRANSMITPACKET,4,1,21036048.401410,21037808.401410,DAO,2,
TRANSMITPACKET,8,7,21599152.000000,21603376.000000,App1_EMULATION-25,0,
TRANSMITPACKET,7,1,21604336.000000,21608560.000000,App1_EMULATION-25,0,
TRANSMITPACKET,1,2,21608560.000000,21608574.680000,App1_EMULATION-25,0,
TRANSMITPACKET,2,3,21608574.680000,21608591.440000,App1_EMULATION-25,0,
TRANSMITPACKET,4,1,22006023.801477,22007783.801477,DAO,1,
TRANSMITPACKET,7,1,22010024.306864,22011784.306864,DAO,2,
TRANSMITPACKET,6,7,22013202.828394,22014962.828394,DAO,1,
TRANSMITPACKET,8,7,22020670.454909,22022430.454909,DAO,2,
TRANSMITPACKET,5,1,22027415.148045,22029175.148045,DAO,2,
TRANSMITPACKET,6,7,22030677.108341,22032437.108341,DAO,2,
TRANSMITPACKET,4,1,22032941.801477,22034701.801477,DAO,2,
TRANSMITPACKET,8,7,22600719.000000,22604943.000000,App1_EMULATION-26,0,
TRANSMITPACKET,7,1,22605903.000000,22610127.000000,App1_EMULATION-26,0,
TRANSMITPACKET,1,2,22610127.000000,22610141.680000,App1_EMULATION-26,0,
TRANSMITPACKET,2,3,22610141.680000,22610158.440000,App1_EMULATION-26,0,
TRANSMITPACKET,4,1,23005477.201544,23007237.201544,DAO,1,
TRANSMITPACKET,7,1,23009034.093539,23010794.093539,DAO,2,
TRANSMITPACKET,6,7,23013906.015137,23015666.015137,DAO,1,
TRANSMITPACKET,5,1,23020803.654775,23022563.654775,DAO,2,
TRANSMITPACKET,8,7,23024268.748314,23026028.748314,DAO,2,
TRANSMITPACKET,6,7,23030740.295083,23032500.295083,DAO,2,
TRANSMITPACKET,4,1,23033035.201544,23034795.201544,DAO,2,
TRANSMITPACKET,8,7,23601696.000000,23605920.000000,App1_EMULATION-27,0,
TRANSMITPACKET,7,1,23607840.000000,23612064.000000,App1_EMULATION-27,0,
TRANSMITPACKET,1,2,23612064.000000,23612078.680000,App1_EMULATION-27,0,
TRANSMITPACKET,2,3,23612078.680000,23612095.440000,App1_EMULATION-27,0,
TRANSMITPACKET,4,1,24003970.601611,24005730.601611,DAO,1,
TRANSMITPACKET,7,1,24010283.880215,24012043.880215,DAO,2,
TRANSMITPACKET,6,7,24013009.201880,24014769.201880,DAO,2,
TRANSMITPACKET,8,7,24014932.655110,24016692.655110,DAO,2,
TRANSMITPACKET,5,1,24020592.161504,24022352.161504,DAO,2,
TRANSMITPACKET,8,7,24024347.041719,24026107.041719,DAO,2,
TRANSMITPACKET,6,7,24030803.481826,24032563.481826,DAO,2,
TRANSMITPACKET,4,1,24034408.601611,24036168.601611,DAO,2,
TRANSMITPACKET,8,7,24601522.000000,24605746.000000,App1_EMULATION-28,0,
TRANSMITPACKET,7,1,24607986.000000,24612210.000000,App1_EMULATION-28,0,
TRANSMITPACKET,1,2,24612210.000000,24612224.680000,App1_EMULATION-28,0,
TRANSMITPACKET,2,3,24612224.680000,24612241.440000,App1_EMULATION-28,0,
TRANSMITPACKET,5,1,25003801.668233,25005561.668233,DAO,1,
TRANSMITPACKET,7,1,25008653.666890,25010413.666890,DAO,2,
TRANSMITPACKET,6,7,25012432.388623,25014192.388623,DAO,2,
TRANSMITPACKET,8,7,25014690.948515,25016450.948515,DAO,2,
TRANSMITPACKET,8,7,25019945.335124,25021705.335124,DAO,2,
TRANSMITPACKET,5,1,25025180.668233,25026940.668233,DAO,2,
TRANSMITPACKET,6,7,25030546.668569,25032306.668569,DAO,1,
TRANSMITPACKET,4,1,25030662.001679,25032422.001679,DAO,2,
TRANSMITPACKET,8,7,25601257.000000,25605481.000000,App1_EMULATION-29,0,
TRANSMITPACKET,7,1,25608041.000000,25612265.000000,App1_EMULATION-29,0,
TRANSMITPACKET,1,2,25612265.000000,25612279.680000,App1_EMULATION-29,0,
TRANSMITPACKET,2,3,25612279.680000,25612296.440000,App1_EMULATION-29,0,
TRANSMITPACKET,4,1,26003517.401746,26005277.401746,DAO,2,
TRANSMITPACKET,5,1,26005830.174963,26007590.174963,DAO,2,
TRANSMITPACKET,7,1,26010543.453566,26012303.453566,DAO,2,
TRANSMITPACKET,6,7,26013455.575365,26015215.575365,DAO,1,
TRANSMITPACKET,5,1,26020169.174963,26021929.174963,DAO,2,
TRANSMITPACKET,8,7,26020343.628529,26022103.628529,DAO,1,
TRANSMITPACKET,6,7,26030289.855312,26032049.855312,DAO,2,
TRANSMITPACKET,4,1,26035555.401746,26037315.401746,DAO,2,
TRANSMITPACKET,7,1,26080660.000000,26082548.000000,DIO,2,
TRANSMITPACKET,7,4,26080660.000000,26082548.000000,DIO,2,
TRANSMITPACKET,7,5,26080660.000000,26082548.000000,DIO,2,
TRANSMITPACKET,7,6,26080660.000000,26082548.000000,DIO,2,
TRANSMITPACKET,7,8,26080660.000000,26082548.000000,DIO,2,
TRANSMITPACKET,6,4,26419917.000000,26421805.000000,DIO,2,
TRANSMITPACKET,6,7,26419917.000000,26421805.000000,DIO,2,
TRANSMITPACKET,8,7,26603226.000000,26607450.000000,App1_EMULATION-30,0,
TRANSMITPACKET,7,1,26609050.000000,26613274.000000,App1_EMULATION-30,0,
TRANSMITPACKET,1,2,26613274.000000,26613288.680000,App1_EMULATION-30,0,
TRANSMITPACKET,2,3,26613288.680000,26613305.440000,App1_EMULATION-30,0,
TRANSMITPACKET,5,1,26733835.000000,26735723.000000,DIO,2,
TRANSMITPACKET,5,7,26733835.000000,26735723.000000,DIO,2,
TRANSMITPACKET,5,8,26733835.000000,26735723.000000,DIO,2,
TRANSMITPACKET,4,1,27003290.801813,27005050.801813,DAO,2,
TRANSMITPACKET,5,1,27005618.681692,27007378.681692,DAO,2,
TRANSMITPACKET,7,1,27010513.240242,27012273.240242,DAO,2,
TRANSMITPACKET,8,7,27012607.535325,27014367.535325,DAO,1,
TRANSMITPACKET,8,7,27020741.921934,27022501.921934,DAO,2,
TRANSMITPACKET,5,1,27025717.681692,27027477.681692,DAO,2,
TRANSMITPACKET,6,7,27029073.042055,27030833.042055,DAO,2,
TRANSMITPACKET,4,1,27032128.801813,27033888.801813,DAO,2,
TRANSMITPACKET,8,7,27607538.000000,27611762.000000,App1_EMULATION-31,0,
TRANSMITPACKET,7,1,27612402.000000,27616626.000000,App1_EMULATION-31,0,
TRANSMITPACKET,1,2,27616626.000000,27616640.680000,App1_EMULATION-31,0,
TRANSMITPACKET,2,3,27616640.680000,27616657.440000,App1_EMULATION-31,0,
TRANSMITPACKET,5,1,28004447.188421,28006207.188421,DAO,1,
TRANSMITPACKET,7,1,28010483.026917,28012243.026917,DAO,2,
TRANSMITPACKET,8,7,28012685.828730,28014445.828730,DAO,2,
TRANSMITPACKET,6,7,28015501.948851,28017261.948851,DAO,2,
TRANSMITPACKET,5,1,28020066.188421,28021826.188421,DAO,2,
TRANSMITPACKET,8,7,28024980.215339,28026740.215339,DAO,2,
TRANSMITPACKET,6,7,28030096.228797,28031856.228797,DAO,2,
TRANSMITPACKET,4,1,28036062.201880,28037822.201880,DAO,2,
TRANSMITPACKET,8,7,28606931.000000,28611155.000000,App1_EMULATION-32,0,
TRANSMITPACKET,7,1,28611795.000000,28616019.000000,App1_EMULATION-32,0,
TRANSMITPACKET,1,2,28616019.000000,28616033.680000,App1_EMULATION-32,0,
TRANSMITPACKET,2,3,28616033.680000,28616050.440000,App1_EMULATION-32,0,
TRANSMITPACKET,1,4,28700773.000000,28702661.000000,DIO,2,
TRANSMITPACKET,1,5,28700773.000000,28702661.000000,DIO,2,
TRANSMITPACKET,1,7,28700773.000000,28702661.000000,DIO,2,
TRANSMITPACKET,4,1,29003477.601947,29005237.601947,DAO,1,
TRANSMITPACKET,7,1,29010132.813593,29011892.813593,DAO,2,
TRANSMITPACKET,6,7,29012365.135594,29014125.135594,DAO,1,
TRANSMITPACKET,8,7,29020578.508744,29022338.508744,DAO,2,
TRANSMITPACKET,5,1,29028494.695151,29030254.695151,DAO,2,
TRANSMITPACKET,6,7,29030159.415540,29031919.415540,DAO,1,
TRANSMITPACKET,4,1,29033275.601947,29035035.601947,DAO,2,
TRANSMITPACKET,8,7,29610271.000000,29614495.000000,App1_EMULATION-33,0,
TRANSMITPACKET,7,1,29615135.000000,29619359.000000,App1_EMULATION-33,0,
TRANSMITPACKET,1,2,29619359.000000,29619373.680000,App1_EMULATION-33,0,
TRANSMITPACKET,2,3,29619373.680000,29619390.440000,App1_EMULATION-33,0,
TRANSMITPACKET,1,2,30000000.000000,30000010.440000,OSPF_HELLO,2,
TRANSMITPACKET,2,1,30000000.000000,30000010.440000,OSPF_HELLO,2,
TRANSMITPACKET,4,1,30002931.002014,30004691.002014,DAO,1,
TRANSMITPACKET,7,1,30008822.600269,30010582.600269,DAO,2,
TRANSMITPACKET,8,7,30012842.415540,30014602.415540,DAO,1,
TRANSMITPACKET,5,1,30020603.201880,30022363.201880,DAO,2,
TRANSMITPACKET,8,7,30020656.802149,30022416.802149,DAO,1,
TRANSMITPACKET,6,7,30030222.602283,30031982.602283,DAO,2,
TRANSMITPACKET,4,1,30039449.002014,30041209.002014,DAO,2,
TRANSMITPACKET,8,7,30609529.000000,30613753.000000,App1_EMULATION-34,0,
TRANSMITPACKET,7,1,30614713.000000,30618937.000000,App1_EMULATION-34,0,
TRANSMITPACKET,1,2,30618937.000000,30618951.680000,App1_EMULATION-34,0,
TRANSMITPACKET,2,3,30618951.680000,30618968.440000,App1_EMULATION-34,0,
TRANSMITPACKET,4,1,31003664.402081,31005424.402081,DAO,1,
TRANSMITPACKET,7,1,31009432.386944,31011192.386944,DAO,2,
TRANSMITPACKET,8,7,31011960.708945,31013720.708945,DAO,2,
TRANSMITPACKET,6,7,31013771.509079,31015531.509079,DAO,2,
TRANSMITPACKET,8,7,31018175.095553,31019935.095553,DAO,2,
TRANSMITPACKET,5,1,31021351.708609,31023111.708609,DAO,2,
TRANSMITPACKET,4,1,31029622.402081,31031382.402081,DAO,2,
TRANSMITPACKET,6,7,31029645.789026,31031405.789026,DAO,1,
TRANSMITPACKET,4,1,31163367.000000,31165255.000000,DIO,2,
TRANSMITPACKET,4,6,31163367.000000,31165255.000000,DIO,2,
TRANSMITPACKET,4,7,31163367.000000,31165255.000000,DIO,2,
TRANSMITPACKET,8,5,31439382.000000,31441270.000000,DIO,2,
TRANSMITPACKET,8,7,31439382.000000,31441270.000000,DIO,2,
TRANSMITPACKET,8,7,31607784.000000,31612008.000000,App1_EMULATION-35,0,
TRANSMITPACKET,7,1,31613288.000000,31617512.000000,App1_EMULATION-35,0,
TRANSMITPACKET,1,2,31617512.000000,31617526.680000,App1_EMULATION-35,0,
TRANSMITPACKET,2,3,31617526.680000,31617543.440000,App1_EMULATION-35,0,
TRANSMITPACKET,4,1,32003117.802148,32004877.802148,DAO,1,
TRANSMITPACKET,7,1,32009722.173620,32011482.173620,DAO,2,
TRANSMITPACKET,8,7,32012039.002350,32013799.002350,DAO,1,
TRANSMITPACKET,8,7,32019853.388958,32021613.388958,DAO,2,
TRANSMITPACKET,5,1,32023380.215339,32025140.215339,DAO,2,
TRANSMITPACKET,6,7,32027788.975768,32029548.975768,DAO,2,
TRANSMITPACKET,4,1,32030675.802148,32032435.802148,DAO,2,
TRANSMITPACKET,8,7,32607664.000000,32611888.000000,App1_EMULATION-36,0,
TRANSMITPACKET,7,1,32613168.000000,32617392.000000,App1_EMULATION-36,0,
TRANSMITPACKET,1,2,32617392.000000,32617406.680000,App1_EMULATION-36,0,
TRANSMITPACKET,2,3,32617406.680000,32617423.440000,App1_EMULATION-36,0,
TRANSMITPACKET,5,1,33002749.722068,33004509.722068,DAO,1,
TRANSMITPACKET,7,1,33009371.960295,33011131.960295,DAO,2,
TRANSMITPACKET,6,7,33012937.882565,33014697.882565,DAO,1,
TRANSMITPACKET,8,7,33019291.682363,33021051.682363,DAO,2,
TRANSMITPACKET,5,1,33024128.722068,33025888.722068,DAO,2,
TRANSMITPACKET,6,7,33029772.162511,33031532.162511,DAO,2,
TRANSMITPACKET,4,1,33034929.202216,33036689.202216,DAO,2,
TRANSMITPACKET,8,7,33612670.000000,33616894.000000,App1_EMULATION-37,0,
TRANSMITPACKET,7,1,33618814.000000,33623038.000000,App1_EMULATION-37,0,
TRANSMITPACKET,1,2,33623038.000000,33623052.680000,App1_EMULATION-37,0,
TRANSMITPACKET,2,3,33623052.680000,33623069.440000,App1_EMULATION-37,0,
TRANSMITPACKET,4,1,34001704.602283,34003464.602283,DAO,1,
TRANSMITPACKET,7,1,34009981.746971,34011741.746971,DAO,2,
TRANSMITPACKET,6,7,34013641.069308,34015401.069308,DAO,1,
TRANSMITPACKET,8,7,34019689.975768,34021449.975768,DAO,2,
TRANSMITPACKET,5,1,34022317.228797,34024077.228797,DAO,2,
TRANSMITPACKET,6,7,34029195.349254,34030955.349254,DAO,2,
TRANSMITPACKET,4,1,34031822.602283,34033582.602283,DAO,2,
TRANSMITPACKET,8,7,34610580.000000,34614804.000000,App1_EMULATION-38,0,
TRANSMITPACKET,7,1,34616084.000000,34620308.000000,App1_EMULATION-38,0,
TRANSMITPACKET,1,2,34620308.000000,34620322.680000,App1_EMULATION-38,0,
TRANSMITPACKET,2,3,34620322.680000,34620339.440000,App1_EMULATION-38,0,
TRANSMITPACKET,5,1,35002006.735527,35003766.735527,DAO,1,
TRANSMITPACKET,6,7,35009544.256050,35011304.256050,DAO,2,
TRANSMITPACKET,8,7,35011313.882565,35013073.882565,DAO,2,
TRANSMITPACKET,7,1,35013545.256050,35015305.256050,DAO,2,
TRANSMITPACKET,8,7,35017848.269173,35019608.269173,DAO,2,
TRANSMITPACKET,5,1,35020185.735527,35021945.735527,DAO,2,
TRANSMITPACKET,6,7,35027338.535997,35029098.535997,DAO,2,
TRANSMITPACKET,4,1,35029676.002350,35031436.002350,DAO,2,
TRANSMITPACKET,8,7,35609173.000000,35613397.000000,App1_EMULATION-39,0,
TRANSMITPACKET,7,1,35614037.000000,35618261.000000,App1_EMULATION-39,0,
TRANSMITPACKET,1,2,35618261.000000,35618275.680000,App1_EMULATION-39,0,
TRANSMITPACKET,2,3,35618275.680000,35618292.440000,App1_EMULATION-39,0,
TRANSMITPACKET,5,1,36001475.242256,36003235.242256,DAO,1,
TRANSMITPACKET,6,7,36009287.442793,36011047.442793,DAO,2,
TRANSMITPACKET,8,7,36011392.175970,36013152.175970,DAO,2,
TRANSMITPACKET,7,1,36013793.175970,36015553.175970,DAO,2,
TRANSMITPACKET,8,7,36016966.562578,36018726.562578,DAO,2,
TRANSMITPACKET,5,1,36019334.242256,36021094.242256,DAO,2,
TRANSMITPACKET,6,7,36026761.722739,36028521.722739,DAO,2,
TRANSMITPACKET,4,1,36029129.402417,36030889.402417,DAO,2,
TRANSMITPACKET,8,7,36611174.000000,36615398.000000,App1_EMULATION-40,0,
TRANSMITPACKET,7,1,36617958.000000,36622182.000000,App1_EMULATION-40,0,
TRANSMITPACKET,1,2,36622182.000000,36622196.680000,App1_EMULATION-40,0,
TRANSMITPACKET,2,3,36622196.680000,36622213.440000,App1_EMULATION-40,0,
TRANSMITPACKET,4,1,37001344.802484,37003104.802484,DAO,1,
TRANSMITPACKET,6,7,37009030.629536,37010790.629536,DAO,2,
TRANSMITPACKET,8,7,37010830.469375,37012590.469375,DAO,2,
TRANSMITPACKET,7,1,37012911.469375,37014671.469375,DAO,2,
TRANSMITPACKET,8,7,37016724.855983,37018484.855983,DAO,2,
TRANSMITPACKET,5,1,37020402.748985,37022162.748985,DAO,2,
TRANSMITPACKET,4,1,37027942.802484,37029702.802484,DAO,2,
TRANSMITPACKET,6,7,37028104.909482,37029864.909482,DAO,1,
TRANSMITPACKET,8,7,37611390.000000,37615614.000000,App1_EMULATION-41,0,
TRANSMITPACKET,7,1,37618174.000000,37622398.000000,App1_EMULATION-41,0,
TRANSMITPACKET,1,2,37622398.000000,37622412.680000,App1_EMULATION-41,0,
TRANSMITPACKET,2,3,37622412.680000,37622429.440000,App1_EMULATION-41,0,
TRANSMITPACKET,4,1,38000798.202551,38002558.202551,DAO,1,
TRANSMITPACKET,6,7,38009413.816279,38011173.816279,DAO,1,
TRANSMITPACKET,7,1,38013629.762780,38015389.762780,DAO,2,
TRANSMITPACKET,8,7,38017123.149388,38018883.149388,DAO,2,
TRANSMITPACKET,5,1,38019551.255715,38021311.255715,DAO,2,
TRANSMITPACKET,6,7,38027528.096225,38029288.096225,DAO,2,
TRANSMITPACKET,4,1,38029956.202551,38031716.202551,DAO,2,
TRANSMITPACKET,8,7,38613466.000000,38617690.000000,App1_EMULATION-42,0,
TRANSMITPACKET,7,1,38620250.000000,38624474.000000,App1_EMULATION-42,0,
TRANSMITPACKET,1,2,38624474.000000,38624488.680000,App1_EMULATION-42,0,
TRANSMITPACKET,2,3,38624488.680000,38624505.440000,App1_EMULATION-42,0,
TRANSMITPACKET,4,1,39002491.602618,39004251.602618,DAO,1,
TRANSMITPACKET,6,7,39008197.003021,39009957.003021,DAO,1,
TRANSMITPACKET,7,1,39013708.056185,39015468.056185,DAO,2,
TRANSMITPACKET,8,7,39016561.442793,39018321.442793,DAO,2,
TRANSMITPACKET,5,1,39020299.762444,39022059.762444,DAO,2,
TRANSMITPACKET,6,7,39026631.282968,39028391.282968,DAO,2,
TRANSMITPACKET,4,1,39032289.602618,39034049.602618,DAO,2,
TRANSMITPACKET,8,7,39624137.000000,39628361.000000,App1_EMULATION-43,0,
TRANSMITPACKET,7,1,39629321.000000,39633545.000000,App1_EMULATION-43,0,
TRANSMITPACKET,1,2,39633545.000000,39633559.680000,App1_EMULATION-43,0,
TRANSMITPACKET,2,3,39633559.680000,39633576.440000,App1_EMULATION-43,0,
TRANSMITPACKET,1,2,40000000.000000,40000010.440000,OSPF_HELLO,2,
TRANSMITPACKET,2,1,40000000.000000,40000010.440000,OSPF_HELLO,2,
TRANSMITPACKET,5,1,40000629.269173,40002389.269173,DAO,1,
TRANSMITPACKET,7,1,40007880.467025,40009640.467025,DAO,2,
TRANSMITPACKET,8,7,40015865.349590,40017625.349590,DAO,1,
TRANSMITPACKET,5,1,40019448.269173,40021208.269173,DAO,2,
TRANSMITPACKET,6,7,40025734.469710,40027494.469710,DAO,2,
TRANSMITPACKET,8,7,40027621.189764,40029381.189764,DAO,1,
TRANSMITPACKET,4,1,40028863.002686,40030623.002686,DAO,2,
TRANSMITPACKET,8,7,40620620.000000,40624844.000000,App1_EMULATION-44,0,
TRANSMITPACKET,7,1,40626764.000000,40630988.000000,App1_EMULATION-44,0,
TRANSMITPACKET,1,2,40630988.000000,40631002.680000,App1_EMULATION-44,0,
TRANSMITPACKET,2,3,40631002.680000,40631019.440000,App1_EMULATION-44,0,
TRANSMITPACKET,5,1,41000737.775903,41002497.775903,DAO,1,
TRANSMITPACKET,7,1,41008170.253700,41009930.253700,DAO,2,
TRANSMITPACKET,8,7,41013063.642995,41014823.642995,DAO,2,
TRANSMITPACKET,5,1,41016996.775903,41018756.775903,DAO,2,
TRANSMITPACKET,8,7,41020238.029603,41021998.029603,DAO,2,
TRANSMITPACKET,6,7,41026757.656453,41028517.656453,DAO,2,
TRANSMITPACKET,4,1,41029276.402753,41031036.402753,DAO,2,
TRANSMITPACKET,8,7,41620278.000000,41624502.000000,App1_EMULATION-45,0,
TRANSMITPACKET,7,1,41626742.000000,41630966.000000,App1_EMULATION-45,0,
TRANSMITPACKET,1,2,41630966.000000,41630980.680000,App1_EMULATION-45,0,
TRANSMITPACKET,2,3,41630980.680000,41630997.440000,App1_EMULATION-45,0,
TRANSMITPACKET,5,1,42001806.282632,42003566.282632,DAO,1,
TRANSMITPACKET,6,7,42007426.563250,42009186.563250,DAO,1,
TRANSMITPACKET,7,1,42011382.936399,42013142.936399,DAO,2,
TRANSMITPACKET,8,7,42017116.323008,42018876.323008,DAO,2,
TRANSMITPACKET,5,1,42023505.282632,42025265.282632,DAO,2,
TRANSMITPACKET,6,7,42026820.843196,42028580.843196,DAO,2,
TRANSMITPACKET,4,1,42030329.802820,42032089.802820,DAO,2,
TRANSMITPACKET,8,7,42622603.000000,42626827.000000,App1_EMULATION-46,0,
TRANSMITPACKET,7,1,42631307.000000,42635531.000000,App1_EMULATION-46,0,
TRANSMITPACKET,1,2,42635531.000000,42635545.680000,App1_EMULATION-46,0,
TRANSMITPACKET,2,3,42635545.680000,42635562.440000,App1_EMULATION-46,0,
TRANSMITPACKET,4,1,43000625.202887,43002385.202887,DAO,1,
TRANSMITPACKET,7,1,43008109.827052,43009869.827052,DAO,2,
TRANSMITPACKET,8,7,43010660.229804,43012420.229804,DAO,1,
TRANSMITPACKET,8,7,43017194.616413,43018954.616413,DAO,2,
TRANSMITPACKET,5,1,43019773.789361,43021533.789361,DAO,2,
TRANSMITPACKET,6,7,43024964.029939,43026724.029939,DAO,2,
TRANSMITPACKET,4,1,43027543.202887,43029303.202887,DAO,2,
TRANSMITPACKET,8,7,43622475.000000,43626699.000000,App1_EMULATION-47,0,
TRANSMITPACKET,7,1,43629259.000000,43633483.000000,App1_EMULATION-47,0,
TRANSMITPACKET,1,2,43633483.000000,43633497.680000,App1_EMULATION-47,0,
TRANSMITPACKET,2,3,43633497.680000,43633514.440000,App1_EMULATION-47,0,
TRANSMITPACKET,4,1,43999118.602954,44000878.602954,DAO,2,
TRANSMITPACKET,5,1,44001063.296091,44002823.296091,DAO,2,
TRANSMITPACKET,7,1,44008719.613727,44010479.613727,DAO,2,
TRANSMITPACKET,8,7,44012018.523209,44013778.523209,DAO,1,
TRANSMITPACKET,8,7,44016952.909818,44018712.909818,DAO,2,
TRANSMITPACKET,5,1,44019562.296091,44021322.296091,DAO,2,
TRANSMITPACKET,6,7,44026947.216681,44028707.216681,DAO,2,
TRANSMITPACKET,4,1,44029236.602954,44030996.602954,DAO,2,
TRANSMITPACKET,8,7,44621832.000000,44626056.000000,App1_EMULATION-48,0,
TRANSMITPACKET,7,1,44628616.000000,44632840.000000,App1_EMULATION-48,0,
TRANSMITPACKET,1,2,44632840.000000,44632854.680000,App1_EMULATION-48,0,
TRANSMITPACKET,2,3,44632854.680000,44632871.440000,App1_EMULATION-48,0,
TRANSMITPACKET,4,1,45000492.003021,45002252.003021,DAO,1,
TRANSMITPACKET,6,7,45006976.123478,45008736.123478,DAO,2,
TRANSMITPACKET,8,7,45008896.816614,45010656.816614,DAO,2,
TRANSMITPACKET,7,1,45011297.123478,45013057.123478,DAO,2,
TRANSMITPACKET,8,7,45016711.203223,45018471.203223,DAO,1,
TRANSMITPACKET,5,1,45016790.802820,45018550.802820,DAO,2,
TRANSMITPACKET,6,7,45025730.403424,45027490.403424,DAO,2,
TRANSMITPACKET,4,1,45031890.003021,45033650.003021,DAO,2,
TRANSMITPACKET,8,7,45621766.000000,45625990.000000,App1_EMULATION-49,0,
TRANSMITPACKET,7,1,45627910.000000,45632134.000000,App1_EMULATION-49,0,
TRANSMITPACKET,1,2,45632134.000000,45632148.680000,App1_EMULATION-49,0,
TRANSMITPACKET,2,3,45632148.680000,45632165.440000,App1_EMULATION-49,0,
TRANSMITPACKET,4,1,45999305.403088,46001065.403088,DAO,1,
TRANSMITPACKET,6,7,46006719.310221,46008479.310221,DAO,1,
TRANSMITPACKET,7,1,46012016.110019,46013776.110019,DAO,2,
TRANSMITPACKET,8,7,46016789.496628,46018549.496628,DAO,2,
TRANSMITPACKET,5,1,46019779.309549,46021539.309549,DAO,2,
TRANSMITPACKET,6,7,46024513.590167,46026273.590167,DAO,2,
TRANSMITPACKET,4,1,46030703.403088,46032463.403088,DAO,2,
TRANSMITPACKET,8,7,46620669.000000,46624893.000000,App1_EMULATION-50,0,
TRANSMITPACKET,7,1,46627453.000000,46631677.000000,App1_EMULATION-50,0,
TRANSMITPACKET,1,2,46631677.000000,46631691.680000,App1_EMULATION-50,0,
TRANSMITPACKET,2,3,46631691.680000,46631708.440000,App1_EMULATION-50,0,
TRANSMITPACKET,4,1,46998438.803156,47000198.803156,DAO,2,
TRANSMITPACKET,5,1,47001388.816279,47003148.816279,DAO,2,
TRANSMITPACKET,6,7,47008062.496963,47009822.496963,DAO,1,
TRANSMITPACKET,7,1,47011774.403424,47013534.403424,DAO,2,
TRANSMITPACKET,8,7,47015587.790033,47017347.790033,DAO,2,
TRANSMITPACKET,5,1,47020847.816279,47022607.816279,DAO,2,
TRANSMITPACKET,6,7,47025536.776910,47027296.776910,DAO,2,
TRANSMITPACKET,4,1,47029196.803156,47030956.803156,DAO,2,
TRANSMITPACKET,8,7,47622287.000000,47626511.000000,App1_EMULATION-51,0,
TRANSMITPACKET,7,1,47628431.000000,47632655.000000,App1_EMULATION-51,0,
TRANSMITPACKET,1,2,47632655.000000,47632669.680000,App1_EMULATION-51,0,
TRANSMITPACKET,2,3,47632669.680000,47632686.440000,App1_EMULATION-51,0,
TRANSMITPACKET,4,1,47998852.203223,48000612.203223,DAO,2,
TRANSMITPACKET,5,1,48001177.323008,48002937.323008,DAO,2,
TRANSMITPACKET,6,7,48007165.683706,48008925.683706,DAO,1,
TRANSMITPACKET,7,1,48011212.696829,48012972.696829,DAO,2,
TRANSMITPACKET,8,7,48015666.083438,48017426.083438,DAO,2,
TRANSMITPACKET,5,1,48017756.323008,48019516.323008,DAO,2,
TRANSMITPACKET,6,7,48025599.963652,48027359.963652,DAO,2,
TRANSMITPACKET,4,1,48028650.203223,48030410.203223,DAO,2,
TRANSMITPACKET,8,7,48624186.000000,48628410.000000,App1_EMULATION-52,0,
TRANSMITPACKET,7,1,48629370.000000,48633594.000000,App1_EMULATION-52,0,
TRANSMITPACKET,1,2,48633594.000000,48633608.680000,App1_EMULATION-52,0,
TRANSMITPACKET,2,3,48633608.680000,48633625.440000,App1_EMULATION-52,0,
TRANSMITPACKET,4,1,48998625.603290,49000385.603290,DAO,2,
TRANSMITPACKET,5,1,49000965.829737,49002725.829737,DAO,2,
TRANSMITPACKET,6,7,49007548.870449,49009308.870449,DAO,1,
TRANSMITPACKET,7,1,49012570.990234,49014330.990234,DAO,2,
TRANSMITPACKET,8,7,49014784.376843,49016544.376843,DAO,2,
TRANSMITPACKET,5,1,49019784.829737,49021544.829737,DAO,2,
TRANSMITPACKET,6,7,49023743.150395,49025503.150395,DAO,2,
TRANSMITPACKET,4,1,49027463.603290,49029223.603290,DAO,2,
TRANSMITPACKET,8,7,49626803.000000,49631027.000000,App1_EMULATION-53,0,
TRANSMITPACKET,7,1,49633267.000000,49637491.000000,App1_EMULATION-53,0,
TRANSMITPACKET,1,2,49637491.000000,49637505.680000,App1_EMULATION-53,0,
TRANSMITPACKET,2,3,49637505.680000,49637522.440000,App1_EMULATION-53,0,
TRANSMITPACKET,1,2,50000000.000000,50000010.440000,OSPF_HELLO,2,
TRANSMITPACKET,2,1,50000000.000000,50000010.440000,OSPF_HELLO,2,
TRANSMITPACKET,5,1,49999794.336467,50001554.336467,DAO,1,
TRANSMITPACKET,6,7,50005692.057192,50007452.057192,DAO,1,
TRANSMITPACKET,7,1,50011049.283639,50012809.283639,DAO,2,
TRANSMITPACKET,8,7,50015822.670248,50017582.670248,DAO,2,
TRANSMITPACKET,5,1,50018293.336467,50020053.336467,DAO,2,
TRANSMITPACKET,6,7,50024766.337138,50026526.337138,DAO,2,
TRANSMITPACKET,4,1,50029925.003357,50031685.003357,DAO,2,
TRANSMITPACKET,8,7,50629108.000000,50633332.000000,App1_EMULATION-54,0,
TRANSMITPACKET,7,1,50634932.000000,50639156.000000,App1_EMULATION-54,0,
TRANSMITPACKET,1,2,50639156.000000,50639170.680000,App1_EMULATION-54,0,
TRANSMITPACKET,2,3,50639170.680000,50639187.440000,App1_EMULATION-54,0,
TRANSMITPACKET,4,1,50997532.403424,50999292.403424,DAO,2,
TRANSMITPACKET,5,1,51000222.843196,51001982.843196,DAO,2,
TRANSMITPACKET,6,7,51005755.243934,51007515.243934,DAO,2,
TRANSMITPACKET,7,1,51007836.243934,51009596.243934,DAO,2,
TRANSMITPACKET,5,1,51015201.843196,51016961.843196,DAO,2,
TRANSMITPACKET,4,1,51024770.403424,51026530.403424,DAO,2,
TRANSMITPACKET,6,7,51024829.523881,51026589.523881,DAO,1,
TRANSMITPACKET,8,7,51026966.577044,51028726.577044,DAO,2,
TRANSMITPACKET,8,7,51031287.577044,51033047.577044,DAO,2,
TRANSMITPACKET,8,7,51628622.000000,51632846.000000,App1_EMULATION-55,0,
TRANSMITPACKET,7,1,51635086.000000,51639310.000000,App1_EMULATION-55,0,
TRANSMITPACKET,1,2,51639310.000000,51639324.680000,App1_EMULATION-55,0,
TRANSMITPACKET,2,3,51639324.680000,51639341.440000,App1_EMULATION-55,0,
TRANSMITPACKET,5,1,51998091.349925,51999851.349925,DAO,1,
TRANSMITPACKET,6,7,52007098.430677,52008858.430677,DAO,1,
TRANSMITPACKET,7,1,52010565.870449,52012325.870449,DAO,2,
TRANSMITPACKET,8,7,52013419.257057,52015179.257057,DAO,2,
TRANSMITPACKET,5,1,52015950.349925,52017710.349925,DAO,2,
TRANSMITPACKET,6,7,52023932.710624,52025692.710624,DAO,2,
TRANSMITPACKET,4,1,52026463.803491,52028223.803491,DAO,2,
TRANSMITPACKET,8,7,52628778.000000,52633002.000000,App1_EMULATION-56,0,
TRANSMITPACKET,7,1,52633642.000000,52637866.000000,App1_EMULATION-56,0,
TRANSMITPACKET,1,2,52637866.000000,52637880.680000,App1_EMULATION-56,0,
TRANSMITPACKET,2,3,52637880.680000,52637897.440000,App1_EMULATION-56,0,
TRANSMITPACKET,4,1,52997719.203558,52999479.203558,DAO,2,
TRANSMITPACKET,5,1,53000119.856655,53001879.856655,DAO,2,
TRANSMITPACKET,6,7,53005241.617420,53007001.617420,DAO,1,
TRANSMITPACKET,7,1,53008447.693808,53010207.693808,DAO,2,
TRANSMITPACKET,8,7,53014137.550462,53015897.550462,DAO,2,
TRANSMITPACKET,5,1,53017658.856655,53019418.856655,DAO,2,
TRANSMITPACKET,6,7,53024635.897366,53026395.897366,DAO,2,
TRANSMITPACKET,4,1,53035517.203558,53037277.203558,DAO,2,
TRANSMITPACKET,8,7,53629788.000000,53634012.000000,App1_EMULATION-57,0,
TRANSMITPACKET,7,1,53635292.000000,53639516.000000,App1_EMULATION-57,0,
TRANSMITPACKET,1,2,53639516.000000,53639530.680000,App1_EMULATION-57,0,
TRANSMITPACKET,2,3,53639530.680000,53639547.440000,App1_EMULATION-57,0,
TRANSMITPACKET,4,1,53997812.603626,53999572.603626,DAO,1,
TRANSMITPACKET,6,7,54006264.804163,54008024.804163,DAO,1,
TRANSMITPACKET,7,1,54009442.457259,54011202.457259,DAO,2,
TRANSMITPACKET,8,7,54013895.843867,54015655.843867,DAO,2,
TRANSMITPACKET,5,1,54016167.363384,54017927.363384,DAO,2,
TRANSMITPACKET,6,7,54022139.084109,54023899.084109,DAO,2,
TRANSMITPACKET,4,1,54027610.603626,54029370.603626,DAO,2,
TRANSMITPACKET,4,1,54377114.000000,54379002.000000,DIO,2,
TRANSMITPACKET,4,6,54377114.000000,54379002.000000,DIO,2,
TRANSMITPACKET,4,7,54377114.000000,54379002.000000,DIO,2,
TRANSMITPACKET,8,7,54628464.000000,54632688.000000,App1_EMULATION-58,0,
TRANSMITPACKET,7,1,54634288.000000,54638512.000000,App1_EMULATION-58,0,
TRANSMITPACKET,1,2,54638512.000000,54638526.680000,App1_EMULATION-58,0,
TRANSMITPACKET,2,3,54638526.680000,54638543.440000,App1_EMULATION-58,0,
TRANSMITPACKET,4,1,54997266.003693,54999026.003693,DAO,2,
TRANSMITPACKET,5,1,54999376.870113,55001136.870113,DAO,2,
TRANSMITPACKET,6,7,55004087.990906,55005847.990906,DAO,2,
TRANSMITPACKET,8,7,55007439.750664,55009199.750664,DAO,2,
TRANSMITPACKET,7,1,55009840.750664,55011600.750664,DAO,2,
TRANSMITPACKET,8,7,55014614.137272,55016374.137272,DAO,2,
TRANSMITPACKET,6,7,55022842.270852,55024602.270852,DAO,2,
TRANSMITPACKET,4,1,55025144.003693,55026904.003693,DAO,1,
TRANSMITPACKET,7,1,55122987.000000,55124875.000000,DIO,2,
TRANSMITPACKET,7,4,55122987.000000,55124875.000000,DIO,2,
TRANSMITPACKET,7,5,55122987.000000,55124875.000000,DIO,2,
TRANSMITPACKET,7,6,55122987.000000,55124875.000000,DIO,2,
TRANSMITPACKET,7,8,55122987.000000,55124875.000000,DIO,2,
TRANSMITPACKET,8,7,55630657.000000,55634881.000000,App1_EMULATION-59,0,
TRANSMITPACKET,7,1,55635521.000000,55639745.000000,App1_EMULATION-59,0,
TRANSMITPACKET,1,2,55639745.000000,55639759.680000,App1_EMULATION-59,0,
TRANSMITPACKET,2,3,55639759.680000,55639776.440000,App1_EMULATION-59,0,
TRANSMITPACKET,4,1,55996719.403760,55998479.403760,DAO,2,
TRANSMITPACKET,5,1,55998845.376843,56000605.376843,DAO,2,
TRANSMITPACKET,6,7,56005431.177648,56007191.177648,DAO,2,
TRANSMITPACKET,8,7,56007518.044069,56009278.044069,DAO,2,
TRANSMITPACKET,7,1,56010559.044069,56012319.044069,DAO,2,
TRANSMITPACKET,8,7,56014052.430677,56015812.430677,DAO,2,
TRANSMITPACKET,5,1,56018944.376843,56020704.376843,DAO,2,
TRANSMITPACKET,6,7,56023865.457595,56025625.457595,DAO,2,
TRANSMITPACKET,4,1,56026837.403760,56028597.403760,DAO,2,
TRANSMITPACKET,8,7,56631054.000000,56635278.000000,App1_EMULATION-60,0,
TRANSMITPACKET,7,1,56636238.000000,56640462.000000,App1_EMULATION-60,0,
TRANSMITPACKET,1,2,56640462.000000,56640476.680000,App1_EMULATION-60,0,
TRANSMITPACKET,2,3,56640476.680000,56640493.440000,App1_EMULATION-60,0,
TRANSMITPACKET,4,1,56997132.803827,56998892.803827,DAO,2,
TRANSMITPACKET,5,1,56999273.883572,57001033.883572,DAO,2,
TRANSMITPACKET,8,7,57005676.337474,57007436.337474,DAO,1,
TRANSMITPACKET,7,1,57010135.364391,57011895.364391,DAO,2,
TRANSMITPACKET,5,1,57015532.883572,57017292.883572,DAO,2,
TRANSMITPACKET,8,7,57018290.724082,57020050.724082,DAO,2,
TRANSMITPACKET,4,1,57023410.803827,57025170.803827,DAO,2,
TRANSMITPACKET,6,7,57027896.644337,57029656.644337,DAO,2,
TRANSMITPACKET,5,1,57125036.000000,57126924.000000,DIO,2,
TRANSMITPACKET,5,7,57125036.000000,57126924.000000,DIO,2,
TRANSMITPACKET,5,8,57125036.000000,57126924.000000,DIO,2,
TRANSMITPACKET,8,5,57602072.000000,57603960.000000,DIO,2,
TRANSMITPACKET,8,7,57602072.000000,57603960.000000,DIO,2,
TRANSMITPACKET,8,7,57628884.000000,57633108.000000,App1_EMULATION-61,0,
TRANSMITPACKET,7,1,57635348.000000,57639572.000000,App1_EMULATION-61,0,
TRANSMITPACKET,1,2,57639572.000000,57639586.680000,App1_EMULATION-61,0,
TRANSMITPACKET,2,3,57639586.680000,57639603.440000,App1_EMULATION-61,0,
TRANSMITPACKET,4,1,57997226.203894,57998986.203894,DAO,2,
TRANSMITPACKET,5,1,57999062.390301,58000822.390301,DAO,2,
TRANSMITPACKET,6,7,58004277.551134,58006037.551134,DAO,2,
TRANSMITPACKET,8,7,58006714.630879,58008474.630879,DAO,2,
TRANSMITPACKET,7,1,58011035.630879,58012795.630879,DAO,2,
TRANSMITPACKET,8,7,58013569.017487,58015329.017487,DAO,2,
TRANSMITPACKET,5,1,58017561.390301,58019321.390301,DAO,2,
TRANSMITPACKET,6,7,58022391.831080,58024151.831080,DAO,2,
TRANSMITPACKET,4,1,58027344.203894,58029104.203894,DAO,2,
TRANSMITPACKET,8,7,58630126.000000,58634350.000000,App1_EMULATION-62,0,
TRANSMITPACKET,7,1,58636590.000000,58640814.000000,App1_EMULATION-62,0,
TRANSMITPACKET,1,2,58640814.000000,58640828.680000,App1_EMULATION-62,0,
TRANSMITPACKET,2,3,58640828.680000,58640845.440000,App1_EMULATION-62,0,
TRANSMITPACKET,8,7,58982213.000000,58986437.000000,App1_EMULATION-63,0,
TRANSMITPACKET,7,1,58988997.000000,58993221.000000,App1_EMULATION-63,0,
TRANSMITPACKET,1,2,58993221.000000,58993235.680000,App1_EMULATION-63,0,
TRANSMITPACKET,2,3,58993235.680000,58993252.440000,App1_EMULATION-63,0,
TRANSMITPACKET,4,1,58997959.603961,58999719.603961,DAO,1,
TRANSMITPACKET,6,7,59004020.737877,59005780.737877,DAO,1,
TRANSMITPACKET,7,1,59009546.413861,59011306.413861,DAO,2,
TRANSMITPACKET,8,7,59011727.310892,59013487.310892,DAO,2,
TRANSMITPACKET,5,1,59014789.897031,59016549.897031,DAO,2,
TRANSMITPACKET,6,7,59022455.017823,59024215.017823,DAO,2,
TRANSMITPACKET,4,1,59024557.603961,59026317.603961,DAO,2,
TRANSMITPACKET,8,7,59629430.000000,59633654.000000,App1_EMULATION-64,0,
TRANSMITPACKET,7,1,59635254.000000,59639478.000000,App1_EMULATION-64,0,
TRANSMITPACKET,1,2,59639478.000000,59639492.680000,App1_EMULATION-64,0,
TRANSMITPACKET,2,3,59639492.680000,59639509.440000,App1_EMULATION-64,0,
TRANSMITPACKET,4,1,59995813.004028,59997573.004028,DAO,1,
TRANSMITPACKET,1,2,60000000.000000,60000010.440000,OSPF_HELLO,2,
TRANSMITPACKET,2,1,60000000.000000,60000010.440000,OSPF_HELLO,2,
TRANSMITPACKET,6,7,60003763.924619,60005523.924619,DAO,2,
TRANSMITPACKET,8,7,60005591.217689,60007351.217689,DAO,2,
TRANSMITPACKET,7,1,60009272.217689,60011032.217689,DAO,2,
TRANSMITPACKET,8,7,60012765.604297,60014525.604297,DAO,2,
TRANSMITPACKET,5,1,60018226.403760,60019986.403760,DAO,2,
TRANSMITPACKET,6,7,60021878.204566,60023638.204566,DAO,2,
TRANSMITPACKET,4,1,60024971.004028,60026731.004028,DAO,2,
TRANSMITPACKET,8,7,60628084.000000,60632308.000000,App1_EMULATION-65,0,
TRANSMITPACKET,7,1,60634548.000000,60638772.000000,App1_EMULATION-65,0,
TRANSMITPACKET,1,2,60638772.000000,60638786.680000,App1_EMULATION-65,0,
TRANSMITPACKET,2,3,60638786.680000,60638803.440000,App1_EMULATION-65,0,
TRANSMITPACKET,8,7,60978825.000000,60983049.000000,App1_EMULATION-66,0,
TRANSMITPACKET,7,1,60983689.000000,60987913.000000,App1_EMULATION-66,0,
TRANSMITPACKET,1,2,60987913.000000,60987927.680000,App1_EMULATION-66,0,
TRANSMITPACKET,2,3,60987927.680000,60987944.440000,App1_EMULATION-66,0,
TRANSMITPACKET,4,1,60995586.404096,60997346.404096,DAO,2,
TRANSMITPACKET,5,1,60997467.910489,60999227.910489,DAO,2,
TRANSMITPACKET,6,7,61004467.111362,61006227.111362,DAO,1,
TRANSMITPACKET,7,1,61008845.987213,61010605.987213,DAO,2,
TRANSMITPACKET,8,7,61011563.897702,61013323.897702,DAO,2,
TRANSMITPACKET,5,1,61018846.910489,61020606.910489,DAO,2,
TRANSMITPACKET,6,7,61021941.391308,61023701.391308,DAO,2,
TRANSMITPACKET,4,1,61025384.404096,61027144.404096,DAO,2,
TRANSMITPACKET,8,7,61629098.000000,61633322.000000,App1_EMULATION-67,0,
TRANSMITPACKET,7,1,61635242.000000,61639466.000000,App1_EMULATION-67,0,
TRANSMITPACKET,1,2,61639466.000000,61639480.680000,App1_EMULATION-67,0,
TRANSMITPACKET,2,3,61639480.680000,61639497.440000,App1_EMULATION-67,0,
TRANSMITPACKET,4,1,61995999.804163,61997759.804163,DAO,1,
TRANSMITPACKET,6,7,62002290.298105,62004050.298105,DAO,2,
TRANSMITPACKET,8,7,62005427.804498,62007187.804498,DAO,2,
TRANSMITPACKET,7,1,62008148.804498,62009908.804498,DAO,2,
TRANSMITPACKET,8,7,62011002.191107,62012762.191107,DAO,2,
TRANSMITPACKET,5,1,62014475.417219,62016235.417219,DAO,2,
TRANSMITPACKET,6,7,62022004.578051,62023764.578051,DAO,2,
TRANSMITPACKET,4,1,62026437.804163,62028197.804163,DAO,2,
TRANSMITPACKET,8,7,62630399.000000,62634623.000000,App1_EMULATION-68,0,
TRANSMITPACKET,7,1,62636863.000000,62641087.000000,App1_EMULATION-68,0,
TRANSMITPACKET,1,2,62641087.000000,62641101.680000,App1_EMULATION-68,0,
TRANSMITPACKET,2,3,62641101.680000,62641118.440000,App1_EMULATION-68,0,
TRANSMITPACKET,4,1,62996413.204230,62998173.204230,DAO,1,
TRANSMITPACKET,6,7,63004273.484848,63006033.484848,DAO,1,
TRANSMITPACKET,7,1,63007185.560564,63008945.560564,DAO,2,
TRANSMITPACKET,8,7,63010760.484512,63012520.484512,DAO,2,
TRANSMITPACKET,5,1,63013623.923948,63015383.923948,DAO,2,
TRANSMITPACKET,6,7,63020467.764794,63022227.764794,DAO,2,
TRANSMITPACKET,4,1,63023331.204230,63025091.204230,DAO,2,
TRANSMITPACKET,8,7,63631796.000000,63636020.000000,App1_EMULATION-69,0,
TRANSMITPACKET,7,1,63637940.000000,63642164.000000,App1_EMULATION-69,0,
TRANSMITPACKET,1,2,63642164.000000,63642178.680000,App1_EMULATION-69,0,
TRANSMITPACKET,2,3,63642178.680000,63642195.440000,App1_EMULATION-69,0,
TRANSMITPACKET,6,4,63772942.000000,63774830.000000,DIO,2,
TRANSMITPACKET,6,7,63772942.000000,63774830.000000,DIO,2,
TRANSMITPACKET,4,1,63994586.604297,63996346.604297,DAO,2,
TRANSMITPACKET,5,1,63997473.430677,63999233.430677,DAO,2,
TRANSMITPACKET,6,7,64003696.671590,64005456.671590,DAO,2,
TRANSMITPACKET,8,7,64005584.391308,64007344.391308,DAO,2,
TRANSMITPACKET,7,1,64008305.391308,64010065.391308,DAO,2,
TRANSMITPACKET,8,7,64010838.777917,64012598.777917,DAO,2,
TRANSMITPACKET,5,1,64013092.430677,64014852.430677,DAO,2,
TRANSMITPACKET,6,7,64020530.951537,64022290.951537,DAO,2,
TRANSMITPACKET,4,1,64023104.604297,64024864.604297,DAO,2,
TRANSMITPACKET,8,7,64630782.000000,64635006.000000,App1_EMULATION-70,0,
TRANSMITPACKET,7,1,64637246.000000,64641470.000000,App1_EMULATION-70,0,
TRANSMITPACKET,1,2,64641470.000000,64641484.680000,App1_EMULATION-70,0,
TRANSMITPACKET,2,3,64641484.680000,64641501.440000,App1_EMULATION-70,0,
TRANSMITPACKET,4,1,64994680.004364,64996440.004364,DAO,2,
TRANSMITPACKET,5,1,64997261.937407,64999021.937407,DAO,2,
TRANSMITPACKET,6,7,65001839.858333,65003599.858333,DAO,2,
TRANSMITPACKET,8,7,65004382.684713,65006142.684713,DAO,2,
TRANSMITPACKET,7,1,65007765.133915,65009525.133915,DAO,2,
TRANSMITPACKET,8,7,65011877.071322,65013637.071322,DAO,2,
TRANSMITPACKET,5,1,65017040.937407,65018800.937407,DAO,2,
TRANSMITPACKET,6,7,65020914.138279,65022674.138279,DAO,2,
TRANSMITPACKET,4,1,65026398.004364,65028158.004364,DAO,2,
TRANSMITPACKET,1,4,65516651.000000,65518539.000000,DIO,2,
TRANSMITPACKET,1,5,65516651.000000,65518539.000000,DIO,2,
TRANSMITPACKET,1,7,65516651.000000,65518539.000000,DIO,2,
TRANSMITPACKET,8,7,65632970.000000,65637194.000000,App1_EMULATION-71,0,
TRANSMITPACKET,7,1,65639754.000000,65643978.000000,App1_EMULATION-71,0,
TRANSMITPACKET,1,2,65643978.000000,65643992.680000,App1_EMULATION-71,0,
TRANSMITPACKET,2,3,65643992.680000,65644009.440000,App1_EMULATION-71,0,
TRANSMITPACKET,5,1,65995770.444136,65997530.444136,DAO,1,
TRANSMITPACKET,6,7,66001583.045076,66003343.045076,DAO,1,
TRANSMITPACKET,7,1,66009334.920591,66011094.920591,DAO,2,
TRANSMITPACKET,8,7,66011955.364727,66013715.364727,DAO,2,
TRANSMITPACKET,5,1,66015549.444136,66017309.444136,DAO,2,
TRANSMITPACKET,6,7,66019057.325022,66020817.325022,DAO,2,
TRANSMITPACKET,4,1,66021691.404431,66023451.404431,DAO,2,
TRANSMITPACKET,8,7,66632378.000000,66636602.000000,App1_EMULATION-72,0,
TRANSMITPACKET,7,1,66638842.000000,66643066.000000,App1_EMULATION-72,0,
TRANSMITPACKET,1,2,66643066.000000,66643080.680000,App1_EMULATION-72,0,
TRANSMITPACKET,2,3,66643080.680000,66643097.440000,App1_EMULATION-72,0,
TRANSMITPACKET,5,1,66995558.950865,66997318.950865,DAO,1,
TRANSMITPACKET,6,7,67003246.231819,67005006.231819,DAO,1,
TRANSMITPACKET,7,1,67007384.707266,67009144.707266,DAO,2,
TRANSMITPACKET,8,7,67011073.658132,67012833.658132,DAO,2,
TRANSMITPACKET,5,1,67016937.950865,67018697.950865,DAO,2,
TRANSMITPACKET,6,7,67020720.511765,67022480.511765,DAO,2,
TRANSMITPACKET,4,1,67023064.804498,67024824.804498,DAO,2,
TRANSMITPACKET,8,7,67634236.000000,67638460.000000,App1_EMULATION-73,0,
TRANSMITPACKET,7,1,67639740.000000,67643964.000000,App1_EMULATION-73,0,
TRANSMITPACKET,1,2,67643964.000000,67643978.680000,App1_EMULATION-73,0,
TRANSMITPACKET,2,3,67643978.680000,67643995.440000,App1_EMULATION-73,0,
TRANSMITPACKET,4,1,67994640.204566,67996400.204566,DAO,1,
TRANSMITPACKET,6,7,68002029.418561,68003789.418561,DAO,2,
TRANSMITPACKET,8,7,68004617.564928,68006377.564928,DAO,2,
TRANSMITPACKET,7,1,68007354.493942,68009114.493942,DAO,2,
TRANSMITPACKET,8,7,68011151.951537,68012911.951537,DAO,2,
TRANSMITPACKET,5,1,68018326.457595,68020086.457595,DAO,2,
TRANSMITPACKET,6,7,68019823.698508,68021583.698508,DAO,1,
TRANSMITPACKET,4,1,68022198.204566,68023958.204566,DAO,2,
TRANSMITPACKET,8,7,68631993.000000,68636217.000000,App1_EMULATION-74,0,
TRANSMITPACKET,7,1,68638457.000000,68642681.000000,App1_EMULATION-74,0,
TRANSMITPACKET,1,2,68642681.000000,68642695.680000,App1_EMULATION-74,0,
TRANSMITPACKET,2,3,68642695.680000,68642712.440000,App1_EMULATION-74,0,
TRANSMITPACKET,4,1,68995053.604633,68996813.604633,DAO,1,
TRANSMITPACKET,6,7,69000492.605304,69002252.605304,DAO,2,
TRANSMITPACKET,8,7,69004055.858333,69005815.858333,DAO,2,
TRANSMITPACKET,7,1,69008924.280618,69010684.280618,DAO,2,
TRANSMITPACKET,5,1,69013314.964324,69015074.964324,DAO,2,
TRANSMITPACKET,8,7,69020510.244942,69022270.244942,DAO,1,
TRANSMITPACKET,4,1,69022611.604633,69024371.604633,DAO,2,
TRANSMITPACKET,8,7,69633264.000000,69637488.000000,App1_EMULATION-75,0,
TRANSMITPACKET,7,1,69638128.000000,69642352.000000,App1_EMULATION-75,0,
TRANSMITPACKET,1,2,69642352.000000,69642366.680000,App1_EMULATION-75,0,
TRANSMITPACKET,2,3,69642366.680000,69642383.440000,App1_EMULATION-75,0,
TRANSMITPACKET,4,1,69993227.004700,69994987.004700,DAO,2,
TRANSMITPACKET,5,1,69995564.471053,69997324.471053,DAO,2,
TRANSMITPACKET,1,2,70000000.000000,70000010.440000,OSPF_HELLO,2,
TRANSMITPACKET,2,1,70000000.000000,70000010.440000,OSPF_HELLO,2,
TRANSMITPACKET,6,7,70002155.792047,70003915.792047,DAO,1,
TRANSMITPACKET,7,1,70009214.067293,70010974.067293,DAO,2,
TRANSMITPACKET,8,7,70012268.538347,70014028.538347,DAO,2,
TRANSMITPACKET,5,1,70016943.471053,70018703.471053,DAO,2,
TRANSMITPACKET,6,7,70019310.071993,70021070.071993,DAO,2,
TRANSMITPACKET,4,1,70022385.004700,70024145.004700,DAO,2,
TRANSMITPACKET,8,7,70636668.000000,70640892.000000,App1_EMULATION-76,0,
TRANSMITPACKET,7,1,70641852.000000,70646076.000000,App1_EMULATION-76,0,
TRANSMITPACKET,1,2,70646076.000000,70646090.680000,App1_EMULATION-76,0,
TRANSMITPACKET,2,3,70646090.680000,70646107.440000,App1_EMULATION-76,0,
TRANSMITPACKET,4,1,70993960.404767,70995720.404767,DAO,1,
TRANSMITPACKET,6,7,71002218.978790,71003978.978790,DAO,1,
TRANSMITPACKET,7,1,71008223.853969,71009983.853969,DAO,2,
TRANSMITPACKET,8,7,71010746.831752,71012506.831752,DAO,2,
TRANSMITPACKET,5,1,71014171.977783,71015931.977783,DAO,2,
TRANSMITPACKET,6,7,71020013.258736,71021773.258736,DAO,2,
TRANSMITPACKET,4,1,71023438.404767,71025198.404767,DAO,2,
TRANSMITPACKET,8,7,71636548.000000,71640772.000000,App1_EMULATION-77,0,
TRANSMITPACKET,7,1,71642692.000000,71646916.000000,App1_EMULATION-77,0,
TRANSMITPACKET,1,2,71646916.000000,71646930.680000,App1_EMULATION-77,0,
TRANSMITPACKET,2,3,71646930.680000,71646947.440000,App1_EMULATION-77,0,
TRANSMITPACKET,4,1,71994053.804834,71995813.804834,DAO,1,
TRANSMITPACKET,6,7,72000682.165532,72002442.165532,DAO,1,
TRANSMITPACKET,8,7,72008265.125156,72010025.125156,DAO,2,
TRANSMITPACKET,5,1,72010760.484512,72012520.484512,DAO,2,
TRANSMITPACKET,7,1,72013674.125156,72015434.125156,DAO,2,
TRANSMITPACKET,6,7,72018476.445479,72020236.445479,DAO,2,
TRANSMITPACKET,4,1,72024491.804834,72026251.804834,DAO,2,
TRANSMITPACKET,8,7,72635529.000000,72639753.000000,App1_EMULATION-78,0,
TRANSMITPACKET,7,1,72641353.000000,72645577.000000,App1_EMULATION-78,0,
TRANSMITPACKET,1,2,72645577.000000,72645591.680000,App1_EMULATION-78,0,
TRANSMITPACKET,2,3,72645591.680000,72645608.440000,App1_EMULATION-78,0,
TRANSMITPACKET,4,1,72992867.204901,72994627.204901,DAO,2,
TRANSMITPACKET,5,1,72995889.991241,72997649.991241,DAO,2,
TRANSMITPACKET,6,7,72999465.352275,73001225.352275,DAO,2,
TRANSMITPACKET,8,7,73003409.031953,73005169.031953,DAO,2,
TRANSMITPACKET,7,1,73008803.427320,73010563.427320,DAO,2,
TRANSMITPACKET,8,7,73011543.418561,73013303.418561,DAO,2,
TRANSMITPACKET,5,1,73016436.991241,73018196.991241,DAO,2,
TRANSMITPACKET,6,7,73017579.632221,73019339.632221,DAO,1,
TRANSMITPACKET,4,1,73020425.204901,73022185.204901,DAO,2,
TRANSMITPACKET,8,7,73636100.000000,73640324.000000,App1_EMULATION-79,0,
TRANSMITPACKET,7,1,73640964.000000,73645188.000000,App1_EMULATION-79,0,
TRANSMITPACKET,1,2,73645188.000000,73645202.680000,App1_EMULATION-79,0,
TRANSMITPACKET,2,3,73645202.680000,73645219.440000,App1_EMULATION-79,0,
TRANSMITPACKET,5,1,73993438.497971,73995198.497971,DAO,1,
TRANSMITPACKET,6,7,73999848.539018,74001608.539018,DAO,1,
TRANSMITPACKET,7,1,74006853.213996,74008613.213996,DAO,2,
TRANSMITPACKET,5,1,74010017.497971,74011777.497971,DAO,2,
TRANSMITPACKET,8,7,74010021.711966,74011781.711966,DAO,1,
TRANSMITPACKET,6,7,74017962.818964,74019722.818964,DAO,2,
TRANSMITPACKET,4,1,74021158.604968,74022918.604968,DAO,2,
TRANSMITPACKET,8,7,74637581.000000,74641805.000000,App1_EMULATION-80,0,
TRANSMITPACKET,7,1,74642445.000000,74646669.000000,App1_EMULATION-80,0,
TRANSMITPACKET,1,2,74646669.000000,74646683.680000,App1_EMULATION-80,0,
TRANSMITPACKET,2,3,74646683.680000,74646700.440000,App1_EMULATION-80,0,
TRANSMITPACKET,8,7,74981402.000000,74985626.000000,App1_EMULATION-81,0,
TRANSMITPACKET,7,1,74987226.000000,74991450.000000,App1_EMULATION-81,0,
TRANSMITPACKET,1,2,74991450.000000,74991464.680000,App1_EMULATION-81,0,
TRANSMITPACKET,2,3,74991464.680000,74991481.440000,App1_EMULATION-81,0,
TRANSMITPACKET,4,1,74992414.005036,74994174.005036,DAO,2,
TRANSMITPACKET,5,1,74994827.004700,74996587.004700,DAO,2,
TRANSMITPACKET,6,7,74999271.725761,75001031.725761,DAO,2,
TRANSMITPACKET,8,7,75002285.618763,75004045.618763,DAO,2,
TRANSMITPACKET,7,1,75008423.000671,75010183.000671,DAO,2,
TRANSMITPACKET,5,1,75010766.004700,75012526.004700,DAO,2,
TRANSMITPACKET,8,7,75017780.005371,75019540.005371,DAO,1,
TRANSMITPACKET,4,1,75020292.005036,75022052.005036,DAO,2,
TRANSMITPACKET,8,7,75637260.000000,75641484.000000,App1_EMULATION-82,0,
TRANSMITPACKET,7,1,75644044.000000,75648268.000000,App1_EMULATION-82,0,
TRANSMITPACKET,1,2,75648268.000000,75648282.680000,App1_EMULATION-82,0,
TRANSMITPACKET,2,3,75648282.680000,75648299.440000,App1_EMULATION-82,0,
TRANSMITPACKET,4,1,75991867.405103,75993627.405103,DAO,2,
TRANSMITPACKET,5,1,75993655.511429,75995415.511429,DAO,2,
TRANSMITPACKET,6,7,75998694.912503,76000454.912503,DAO,2,
TRANSMITPACKET,8,7,76002363.912168,76004123.912168,DAO,2,
TRANSMITPACKET,7,1,76007112.787347,76008872.787347,DAO,2,
TRANSMITPACKET,5,1,76009594.511429,76011354.511429,DAO,2,
TRANSMITPACKET,6,7,76018089.192450,76019849.192450,DAO,1,
TRANSMITPACKET,4,1,76021345.405103,76023105.405103,DAO,2,
TRANSMITPACKET,8,7,76639476.000000,76643700.000000,App1_EMULATION-83,0,
TRANSMITPACKET,7,1,76645940.000000,76650164.000000,App1_EMULATION-83,0,
TRANSMITPACKET,1,2,76650164.000000,76650178.680000,App1_EMULATION-83,0,
TRANSMITPACKET,2,3,76650178.680000,76650195.440000,App1_EMULATION-83,0,
TRANSMITPACKET,4,1,76992600.805170,76994360.805170,DAO,1,
TRANSMITPACKET,6,7,76998758.099246,77000518.099246,DAO,2,
TRANSMITPACKET,8,7,77001482.205573,77003242.205573,DAO,2,
TRANSMITPACKET,7,1,77007402.574023,77009162.574023,DAO,2,
TRANSMITPACKET,5,1,77010983.018159,77012743.018159,DAO,2,
TRANSMITPACKET,8,7,77013904.592181,77015664.592181,DAO,2,
TRANSMITPACKET,6,7,77016232.379192,77017992.379192,DAO,2,
TRANSMITPACKET,4,1,77020798.805170,77022558.805170,DAO,2,
TRANSMITPACKET,8,7,77639630.000000,77643854.000000,App1_EMULATION-84,0,
TRANSMITPACKET,7,1,77646414.000000,77650638.000000,App1_EMULATION-84,0,
TRANSMITPACKET,1,2,77650638.000000,77650652.680000,App1_EMULATION-84,0,
TRANSMITPACKET,2,3,77650652.680000,77650669.440000,App1_EMULATION-84,0,
TRANSMITPACKET,8,7,77983628.000000,77987852.000000,App1_EMULATION-85,0,
TRANSMITPACKET,7,1,77990092.000000,77994316.000000,App1_EMULATION-85,0,
TRANSMITPACKET,1,2,77994316.000000,77994330.680000,App1_EMULATION-85,0,
TRANSMITPACKET,2,3,77994330.680000,77994347.440000,App1_EMULATION-85,0,
TRANSMITPACKET,4,1,77995574.205237,77997334.205237,DAO,1,
TRANSMITPACKET,6,7,77998501.285989,78000261.285989,DAO,2,
TRANSMITPACKET,8,7,78000280.498978,78002040.498978,DAO,2,
TRANSMITPACKET,8,7,78007774.885586,78009534.885586,DAO,2,
TRANSMITPACKET,5,1,78010451.524888,78012211.524888,DAO,2,
TRANSMITPACKET,7,1,78015935.885586,78017695.885586,DAO,2,
TRANSMITPACKET,4,1,78020252.205237,78022012.205237,DAO,2,
TRANSMITPACKET,6,7,78023335.565935,78025095.565935,DAO,2,
TRANSMITPACKET,8,7,78642370.000000,78646594.000000,App1_EMULATION-86,0,
TRANSMITPACKET,7,1,78647874.000000,78652098.000000,App1_EMULATION-86,0,
TRANSMITPACKET,1,2,78652098.000000,78652112.680000,App1_EMULATION-86,0,
TRANSMITPACKET,2,3,78652112.680000,78652129.440000,App1_EMULATION-86,0,
TRANSMITPACKET,8,7,78986124.000000,78990348.000000,App1_EMULATION-87,0,
TRANSMITPACKET,4,1,78991827.605304,78993587.605304,DAO,1,
TRANSMITPACKET,7,1,78997388.000000,79001612.000000,App1_EMULATION-87,0,
TRANSMITPACKET,1,2,79001612.000000,79001626.680000,App1_EMULATION-87,0,
TRANSMITPACKET,2,3,79001626.680000,79001643.440000,App1_EMULATION-87,0,
TRANSMITPACKET,8,7,79003558.792383,79005318.792383,DAO,1,
TRANSMITPACKET,8,7,79006893.178991,79008653.178991,DAO,2,
TRANSMITPACKET,5,1,79011200.031617,79012960.031617,DAO,1,
TRANSMITPACKET,6,7,79016038.752678,79017798.752678,DAO,2,
TRANSMITPACKET,4,1,79020025.605304,79021785.605304,DAO,2,
TRANSMITPACKET,8,7,79644570.000000,79648794.000000,App1_EMULATION-88,0,
TRANSMITPACKET,7,1,79649434.000000,79653658.000000,App1_EMULATION-88,0,
TRANSMITPACKET,1,2,79653658.000000,79653672.680000,App1_EMULATION-88,0,
TRANSMITPACKET,2,3,79653672.680000,79653689.440000,App1_EMULATION-88,0,
TRANSMITPACKET,4,1,79991601.005371,79993361.005371,DAO,2,
TRANSMITPACKET,8,7,79990425.000000,79994649.000000,App1_EMULATION-89,0,
TRANSMITPACKET,5,1,79995049.538347,79996809.538347,DAO,2,
TRANSMITPACKET,1,2,80000000.000000,80000010.440000,OSPF_HELLO,2,
TRANSMITPACKET,2,1,80000000.000000,80000010.440000,OSPF_HELLO,2,
TRANSMITPACKET,6,7,79998627.659474,80000387.659474,DAO,2,
TRANSMITPACKET,7,1,80001028.659474,80005252.659474,App1_EMULATION-89,0,
TRANSMITPACKET,1,2,80005252.659474,80005267.339474,App1_EMULATION-89,0,
TRANSMITPACKET,2,3,80005267.339474,80005284.099474,App1_EMULATION-89,0,
TRANSMITPACKET,7,1,80007631.934049,80009391.934049,DAO,2,
TRANSMITPACKET,5,1,80010348.538347,80012108.538347,DAO,2,
TRANSMITPACKET,8,7,80016437.085788,80018197.085788,DAO,1,
TRANSMITPACKET,4,1,80020119.005371,80021879.005371,DAO,2,
TRANSMITPACKET,8,7,80020438.085788,80022198.085788,DAO,1,
TRANSMITPACKET,8,7,80644596.000000,80648820.000000,App1_EMULATION-90,0,
TRANSMITPACKET,7,1,80650420.000000,80654644.000000,App1_EMULATION-90,0,
TRANSMITPACKET,1,2,80654644.000000,80654658.680000,App1_EMULATION-90,0,
TRANSMITPACKET,2,3,80654658.680000,80654675.440000,App1_EMULATION-90,0,
TRANSMITPACKET,8,7,80989476.000000,80993700.000000,App1_EMULATION-91,1,
TRANSMITPACKET,4,1,80992014.405438,80993774.405438,DAO,2,
TRANSMITPACKET,5,1,80995478.045076,80997238.045076,DAO,2,
TRANSMITPACKET,6,7,80998690.846217,81000450.846217,DAO,1,
TRANSMITPACKET,7,1,81007601.720725,81009361.720725,DAO,2,
TRANSMITPACKET,5,1,81010457.045076,81012217.045076,DAO,2,
TRANSMITPACKET,6,7,81015525.126163,81017285.126163,DAO,2,
TRANSMITPACKET,4,1,81017652.405438,81019412.405438,DAO,2,
TRANSMITPACKET,8,7,81644917.000000,81649141.000000,App1_EMULATION-92,0,
TRANSMITPACKET,7,1,81651381.000000,81655605.000000,App1_EMULATION-92,0,
TRANSMITPACKET,1,2,81655605.000000,81655619.680000,App1_EMULATION-92,0,
TRANSMITPACKET,2,3,81655619.680000,81655636.440000,App1_EMULATION-92,0,
TRANSMITPACKET,4,1,81990827.805506,81992587.805506,DAO,1,
TRANSMITPACKET,6,7,81997794.032960,81999554.032960,DAO,1,
TRANSMITPACKET,8,7,82006808.059206,82008568.059206,DAO,2,
TRANSMITPACKET,5,1,82009285.551805,82011045.551805,DAO,2,
TRANSMITPACKET,7,1,82014329.059206,82016089.059206,DAO,2,
TRANSMITPACKET,6,7,82016868.312906,82018628.312906,DAO,2,
TRANSMITPACKET,4,1,82019025.805506,82020785.805506,DAO,2,
TRANSMITPACKET,8,7,82644382.000000,82648606.000000,App1_EMULATION-93,0,
TRANSMITPACKET,7,1,82651166.000000,82655390.000000,App1_EMULATION-93,0,
TRANSMITPACKET,1,2,82655390.000000,82655404.680000,App1_EMULATION-93,0,
TRANSMITPACKET,2,3,82655404.680000,82655421.440000,App1_EMULATION-93,0,
TRANSMITPACKET,8,7,82988288.000000,82992512.000000,App1_EMULATION-94,1,
TRANSMITPACKET,4,1,82991241.205573,82993001.205573,DAO,2,
TRANSMITPACKET,5,1,82993455.058535,82995215.058535,DAO,2,
TRANSMITPACKET,6,7,82997217.219703,82998977.219703,DAO,2,
TRANSMITPACKET,8,7,83000031.966002,83001791.966002,DAO,2,
TRANSMITPACKET,7,1,83006901.294076,83008661.294076,DAO,2,
TRANSMITPACKET,5,1,83009714.058535,83011474.058535,DAO,2,
TRANSMITPACKET,8,7,83013606.352611,83015366.352611,DAO,2,
TRANSMITPACKET,6,7,83016291.499649,83018051.499649,DAO,2,
TRANSMITPACKET,4,1,83018479.205573,83020239.205573,DAO,2,
TRANSMITPACKET,8,7,83647973.000000,83652197.000000,App1_EMULATION-95,0,
TRANSMITPACKET,7,1,83654117.000000,83658341.000000,App1_EMULATION-95,0,
TRANSMITPACKET,1,2,83658341.000000,83658355.680000,App1_EMULATION-95,0,
TRANSMITPACKET,2,3,83658355.680000,83658372.440000,App1_EMULATION-95,0,
TRANSMITPACKET,4,1,83991974.605640,83993734.605640,DAO,1,
TRANSMITPACKET,8,7,83992225.000000,83996449.000000,App1_EMULATION-96,1,
TRANSMITPACKET,6,7,83997280.406445,83999040.406445,DAO,2,
TRANSMITPACKET,8,7,83999470.259407,84001230.259407,DAO,2,
TRANSMITPACKET,8,7,84006644.646016,84008404.646016,DAO,2,
TRANSMITPACKET,5,1,84009502.565264,84011262.565264,DAO,1,
TRANSMITPACKET,6,7,84016354.686392,84018114.686392,DAO,2,
TRANSMITPACKET,4,1,84020492.605640,84022252.605640,DAO,2,
TRANSMITPACKET,8,7,84649583.000000,84653807.000000,App1_EMULATION-97,0,
TRANSMITPACKET,7,1,84655407.000000,84659631.000000,App1_EMULATION-97,0,
TRANSMITPACKET,1,2,84659631.000000,84659645.680000,App1_EMULATION-97,0,
TRANSMITPACKET,2,3,84659645.680000,84659662.440000,App1_EMULATION-97,0,
TRANSMITPACKET,4,1,84991748.005707,84993508.005707,DAO,1,
TRANSMITPACKET,6,7,84998623.593188,85000383.593188,DAO,2,
TRANSMITPACKET,8,7,85000493.000000,85004717.000000,App1_EMULATION-98,0,
TRANSMITPACKET,8,7,85005678.000000,85007438.000000,DAO,2,
TRANSMITPACKET,8,7,85008399.000000,85010159.000000,DAO,2,
TRANSMITPACKET,7,1,85011120.000000,85015344.000000,App1_EMULATION-98,0,
TRANSMITPACKET,1,2,85015344.000000,85015358.680000,App1_EMULATION-98,0,
TRANSMITPACKET,2,3,85015358.680000,85015375.440000,App1_EMULATION-98,0,
TRANSMITPACKET,6,7,85016097.873134,85017857.873134,DAO,1,
TRANSMITPACKET,5,1,85017739.071993,85019499.071993,DAO,1,
TRANSMITPACKET,7,1,85022027.005707,85023787.005707,DAO,2,
TRANSMITPACKET,8,7,85649801.000000,85654025.000000,App1_EMULATION-99,0,
TRANSMITPACKET,7,1,85656585.000000,85660809.000000,App1_EMULATION-99,0,
TRANSMITPACKET,1,2,85660809.000000,85660823.680000,App1_EMULATION-99,0,
TRANSMITPACKET,2,3,85660823.680000,85660840.440000,App1_EMULATION-99,0,
TRANSMITPACKET,4,1,85991521.405774,85993281.405774,DAO,1,
TRANSMITPACKET,8,7,85995468.000000,85999692.000000,App1_EMULATION-100,1,
TRANSMITPACKET,8,7,86002687.779931,86004447.779931,DAO,2,
TRANSMITPACKET,8,7,86006481.232826,86008241.232826,DAO,2,
TRANSMITPACKET,7,1,86008562.232826,86010322.232826,DAO,2,
TRANSMITPACKET,6,7,86015201.059877,86016961.059877,DAO,1,
TRANSMITPACKET,5,1,86015799.578723,86017559.578723,DAO,1,
TRANSMITPACKET,8,7,86651603.000000,86655827.000000,App1_EMULATION-101,0,
TRANSMITPACKET,7,1,86657427.000000,86661651.000000,App1_EMULATION-101,0,
TRANSMITPACKET,1,2,86661651.000000,86661665.680000,App1_EMULATION-101,0,
TRANSMITPACKET,2,3,86661665.680000,86661682.440000,App1_EMULATION-101,0,
TRANSMITPACKET,4,1,86990974.805841,86992734.805841,DAO,1,
TRANSMITPACKET,8,7,86994762.000000,86998986.000000,App1_EMULATION-102,1,
TRANSMITPACKET,8,7,86999947.000000,87001707.000000,DAO,2,
TRANSMITPACKET,8,7,87004639.526231,87006399.526231,DAO,2,
TRANSMITPACKET,7,1,87007360.526231,87009120.526231,DAO,2,
TRANSMITPACKET,6,7,87014304.246620,87016064.246620,DAO,1,
TRANSMITPACKET,5,1,87014756.085452,87016516.085452,DAO,2,
TRANSMITPACKET,4,1,87017572.805841,87019332.805841,DAO,2,
TRANSMITPACKET,8,7,87649531.000000,87653755.000000,App1_EMULATION-103,0,
TRANSMITPACKET,7,1,87654395.000000,87658619.000000,App1_EMULATION-103,0,
TRANSMITPACKET,1,2,87658619.000000,87658633.680000,App1_EMULATION-103,0,
TRANSMITPACKET,2,3,87658633.680000,87658650.440000,App1_EMULATION-103,0,
TRANSMITPACKET,4,1,87990748.205908,87992508.205908,DAO,1,
TRANSMITPACKET,6,7,87997533.153416,87999293.153416,DAO,1,
TRANSMITPACKET,8,7,88005677.819636,88007437.819636,DAO,2,
TRANSMITPACKET,5,1,88008336.592181,88010096.592181,DAO,2,
TRANSMITPACKET,7,1,88012558.819636,88014318.819636,DAO,2,
TRANSMITPACKET,6,7,88015007.433363,88016767.433363,DAO,2,
TRANSMITPACKET,4,1,88019266.205908,88021026.205908,DAO,2,
TRANSMITPACKET,8,7,88650780.000000,88655004.000000,App1_EMULATION-104,0,
TRANSMITPACKET,7,1,88657564.000000,88661788.000000,App1_EMULATION-104,0,
TRANSMITPACKET,1,2,88661788.000000,88661802.680000,App1_EMULATION-104,0,
TRANSMITPACKET,2,3,88661802.680000,88661819.440000,App1_EMULATION-104,0,
TRANSMITPACKET,4,1,88989561.605975,88991321.605975,DAO,1,
TRANSMITPACKET,8,7,88995549.000000,88999773.000000,App1_EMULATION-105,0,
TRANSMITPACKET,7,1,89000413.000000,89004637.000000,App1_EMULATION-105,0,
TRANSMITPACKET,1,2,89004637.000000,89004651.680000,App1_EMULATION-105,0,
TRANSMITPACKET,2,3,89004651.680000,89004668.440000,App1_EMULATION-105,0,
TRANSMITPACKET,8,7,89005214.000000,89006974.000000,DAO,2,
TRANSMITPACKET,8,7,89008255.000000,89010015.000000,DAO,1,
TRANSMITPACKET,5,1,89008445.098911,89010205.098911,DAO,2,
TRANSMITPACKET,7,1,89010526.098911,89012286.098911,DAO,2,
TRANSMITPACKET,6,7,89015390.620105,89017150.620105,DAO,2,
TRANSMITPACKET,4,1,89017759.605975,89019519.605975,DAO,2,
TRANSMITPACKET,8,7,89651764.000000,89655988.000000,App1_EMULATION-106,0,
TRANSMITPACKET,7,1,89656628.000000,89660852.000000,App1_EMULATION-106,0,
TRANSMITPACKET,1,2,89660852.000000,89660866.680000,App1_EMULATION-106,0,
TRANSMITPACKET,2,3,89660866.680000,89660883.440000,App1_EMULATION-106,0,
TRANSMITPACKET,4,1,89989015.006043,89990775.006043,DAO,2,
TRANSMITPACKET,5,1,89992294.605640,89994054.605640,DAO,2,
TRANSMITPACKET,6,7,89996059.526902,89997819.526902,DAO,2,
TRANSMITPACKET,1,2,90000000.000000,90000010.440000,OSPF_HELLO,2,
TRANSMITPACKET,2,1,90000000.000000,90000010.440000,OSPF_HELLO,2,
TRANSMITPACKET,8,7,89999300.019837,90001060.019837,DAO,2,
TRANSMITPACKET,8,7,90004874.406446,90006634.406446,DAO,2,
TRANSMITPACKET,5,1,90008553.605640,90010313.605640,DAO,1,
TRANSMITPACKET,6,7,90014493.806848,90016253.806848,DAO,2,
TRANSMITPACKET,4,1,90018493.006043,90020253.006043,DAO,2,
TRANSMITPACKET,8,7,90651853.000000,90656077.000000,App1_EMULATION-107,0,
TRANSMITPACKET,7,1,90657037.000000,90661261.000000,App1_EMULATION-107,0,
TRANSMITPACKET,1,2,90661261.000000,90661275.680000,App1_EMULATION-107,0,
TRANSMITPACKET,2,3,90661275.680000,90661292.440000,App1_EMULATION-107,0,
TRANSMITPACKET,4,1,90989428.406110,90991188.406110,DAO,1,
TRANSMITPACKET,6,7,90995162.713645,90996922.713645,DAO,2,
TRANSMITPACKET,8,7,90998098.313242,90999858.313242,DAO,2,
TRANSMITPACKET,8,7,91005272.699851,91007032.699851,DAO,2,
TRANSMITPACKET,7,1,91008633.699851,91010393.699851,DAO,2,
TRANSMITPACKET,6,7,91014236.993591,91015996.993591,DAO,1,
TRANSMITPACKET,5,1,91014422.112369,91016182.112369,DAO,2,
TRANSMITPACKET,4,1,91019226.406110,91020986.406110,DAO,2,
TRANSMITPACKET,8,7,91654597.000000,91658821.000000,App1_EMULATION-108,0,
TRANSMITPACKET,7,1,91661061.000000,91665285.000000,App1_EMULATION-108,0,
TRANSMITPACKET,1,2,91665285.000000,91665299.680000,App1_EMULATION-108,0,
TRANSMITPACKET,2,3,91665299.680000,91665316.440000,App1_EMULATION-108,0,
TRANSMITPACKET,5,1,91989631.619099,91991391.619099,DAO,1,
TRANSMITPACKET,6,7,91994905.900387,91996665.900387,DAO,2,
TRANSMITPACKET,8,7,91997856.606647,91999616.606647,DAO,2,
TRANSMITPACKET,8,7,92005030.993256,92006790.993256,DAO,2,
TRANSMITPACKET,7,1,92007431.993256,92009191.993256,DAO,2,
TRANSMITPACKET,5,1,92010050.619099,92011810.619099,DAO,2,
TRANSMITPACKET,6,7,92013660.180334,92015420.180334,DAO,2,
TRANSMITPACKET,4,1,92017719.806177,92019479.806177,DAO,2,
TRANSMITPACKET,8,7,92655534.000000,92659758.000000,App1_EMULATION-109,0,
TRANSMITPACKET,7,1,92661358.000000,92665582.000000,App1_EMULATION-109,0,
TRANSMITPACKET,1,2,92665582.000000,92665596.680000,App1_EMULATION-109,0,
TRANSMITPACKET,2,3,92665596.680000,92665613.440000,App1_EMULATION-109,0,
TRANSMITPACKET,5,1,92989420.125828,92991180.125828,DAO,1,
TRANSMITPACKET,6,7,92995609.087130,92997369.087130,DAO,1,
TRANSMITPACKET,8,7,93000975.900052,93005199.900052,App1_EMULATION-110,0,
TRANSMITPACKET,5,1,93005999.125828,93007759.125828,DAO,2,
TRANSMITPACKET,8,7,93008400.900052,93010160.900052,DAO,2,
TRANSMITPACKET,7,1,93011279.900052,93015503.900052,App1_EMULATION-110,0,
TRANSMITPACKET,1,2,93015503.900052,93015518.580052,App1_EMULATION-110,0,
TRANSMITPACKET,2,3,93015518.580052,93015535.340052,App1_EMULATION-110,0,
TRANSMITPACKET,4,1,93016213.206244,93017973.206244,DAO,2,
TRANSMITPACKET,7,1,93020112.900052,93021872.900052,DAO,2,
TRANSMITPACKET,6,7,93029403.367077,93031163.367077,DAO,2,
TRANSMITPACKET,8,7,93656924.000000,93661148.000000,App1_EMULATION-111,0,
TRANSMITPACKET,7,1,93662108.000000,93666332.000000,App1_EMULATION-111,0,
TRANSMITPACKET,1,2,93666332.000000,93666346.680000,App1_EMULATION-111,0,
TRANSMITPACKET,2,3,93666346.680000,93666363.440000,App1_EMULATION-111,0,
TRANSMITPACKET,4,1,93989068.606311,93990828.606311,DAO,1,
TRANSMITPACKET,6,7,93994392.273873,93996152.273873,DAO,2,
TRANSMITPACKET,8,7,93996413.193457,93998173.193457,DAO,2,
TRANSMITPACKET,8,7,94004227.580065,94005987.580065,DAO,2,
TRANSMITPACKET,5,1,94006747.632557,94008507.632557,DAO,2,
TRANSMITPACKET,7,1,94009508.580065,94011268.580065,DAO,2,
TRANSMITPACKET,6,7,94014106.553819,94015866.553819,DAO,2,
TRANSMITPACKET,4,1,94018866.606311,94020626.606311,DAO,2,
TRANSMITPACKET,8,7,94658259.000000,94662483.000000,App1_EMULATION-112,0,
TRANSMITPACKET,7,1,94663443.000000,94667667.000000,App1_EMULATION-112,0,
TRANSMITPACKET,1,2,94667667.000000,94667681.680000,App1_EMULATION-112,0,
TRANSMITPACKET,2,3,94667681.680000,94667698.440000,App1_EMULATION-112,0,
TRANSMITPACKET,4,1,94988522.006378,94990282.006378,DAO,2,
TRANSMITPACKET,5,1,94991237.139287,94992997.139287,DAO,2,
TRANSMITPACKET,6,7,94993815.460616,94995575.460616,DAO,2,
TRANSMITPACKET,8,7,94997771.486862,94999531.486862,DAO,2,
TRANSMITPACKET,8,7,95000812.486862,95005036.486862,App1_EMULATION-113,0,
TRANSMITPACKET,7,1,95005676.486862,95009900.486862,App1_EMULATION-113,0,
TRANSMITPACKET,1,2,95009900.486862,95009915.166862,App1_EMULATION-113,0,
TRANSMITPACKET,2,3,95009915.166862,95009931.926862,App1_EMULATION-113,0,
TRANSMITPACKET,5,1,95010696.139287,95012456.139287,DAO,2,
TRANSMITPACKET,6,7,95012249.740562,95014009.740562,DAO,1,
TRANSMITPACKET,4,1,95014800.006378,95016560.006378,DAO,2,
TRANSMITPACKET,8,7,95020077.486862,95021837.486862,DAO,2,
TRANSMITPACKET,7,1,95024398.486862,95026158.486862,DAO,2,
TRANSMITPACKET,8,7,95656733.000000,95660957.000000,App1_EMULATION-114,0,
TRANSMITPACKET,7,1,95661917.000000,95666141.000000,App1_EMULATION-114,0,
TRANSMITPACKET,1,2,95666141.000000,95666155.680000,App1_EMULATION-114,0,
TRANSMITPACKET,2,3,95666155.680000,95666172.440000,App1_EMULATION-114,0,
TRANSMITPACKET,4,1,95988295.406445,95990055.406445,DAO,1,
TRANSMITPACKET,6,7,95994518.647358,95996278.647358,DAO,2,
TRANSMITPACKET,8,7,95997849.780267,95999609.780267,DAO,2,
TRANSMITPACKET,8,7,96003424.166875,96005184.166875,DAO,2,
TRANSMITPACKET,5,1,96007604.646016,96009364.646016,DAO,2,
TRANSMITPACKET,6,7,96013272.927305,96015032.927305,DAO,2,
TRANSMITPACKET,4,1,96015853.406445,96017613.406445,DAO,2,
TRANSMITPACKET,7,1,96018668.520859,96020428.520859,DAO,2,
TRANSMITPACKET,8,7,96660595.000000,96664819.000000,App1_EMULATION-115,0,
TRANSMITPACKET,7,1,96666419.000000,96670643.000000,App1_EMULATION-115,0,
TRANSMITPACKET,1,2,96670643.000000,96670657.680000,App1_EMULATION-115,0,
TRANSMITPACKET,2,3,96670657.680000,96670674.440000,App1_EMULATION-115,0,
TRANSMITPACKET,4,1,96987108.806513,96988868.806513,DAO,2,
TRANSMITPACKET,5,1,96988894.152745,96990654.152745,DAO,2,
TRANSMITPACKET,6,7,96994261.834101,96996021.834101,DAO,2,
TRANSMITPACKET,8,7,96997288.073672,96999048.073672,DAO,2,
TRANSMITPACKET,8,7,97004142.460280,97005902.460280,DAO,2,
TRANSMITPACKET,7,1,97007183.460280,97008943.460280,DAO,2,
TRANSMITPACKET,5,1,97010081.152745,97011841.152745,DAO,2,
TRANSMITPACKET,6,7,97011416.114048,97013176.114048,DAO,1,
TRANSMITPACKET,4,1,97014986.806513,97016746.806513,DAO,2,
TRANSMITPACKET,8,7,97658275.000000,97662499.000000,App1_EMULATION-116,0,
TRANSMITPACKET,7,1,97666659.000000,97670883.000000,App1_EMULATION-116,0,
TRANSMITPACKET,1,2,97670883.000000,97670897.680000,App1_EMULATION-116,0,
TRANSMITPACKET,2,3,97670897.680000,97670914.440000,App1_EMULATION-116,0,
TRANSMITPACKET,4,1,97986882.206580,97988642.206580,DAO,1,
TRANSMITPACKET,6,7,97993045.020844,97994805.020844,DAO,2,
TRANSMITPACKET,8,7,97997046.367077,97998806.367077,DAO,2,
TRANSMITPACKET,8,7,98003260.753685,98005020.753685,DAO,2,
TRANSMITPACKET,5,1,98005901.659475,98007661.659475,DAO,2,
TRANSMITPACKET,7,1,98009136.094211,98010896.094211,DAO,2,
TRANSMITPACKET,6,7,98013079.300790,98014839.300790,DAO,2,
TRANSMITPACKET,4,1,98016360.206580,98018120.206580,DAO,2,
TRANSMITPACKET,8,7,98658728.000000,98662952.000000,App1_EMULATION-117,0,
TRANSMITPACKET,7,1,98663912.000000,98668136.000000,App1_EMULATION-117,0,
TRANSMITPACKET,1,2,98668136.000000,98668150.680000,App1_EMULATION-117,0,
TRANSMITPACKET,2,3,98668150.680000,98668167.440000,App1_EMULATION-117,0,
TRANSMITPACKET,4,1,98988255.606647,98990015.606647,DAO,2,
TRANSMITPACKET,5,1,98990071.166204,98991831.166204,DAO,2,
TRANSMITPACKET,6,7,98994388.207587,98996148.207587,DAO,2,
TRANSMITPACKET,8,7,98996164.660482,98997924.660482,DAO,2,
TRANSMITPACKET,8,7,99003019.047090,99004779.047090,DAO,2,
TRANSMITPACKET,5,1,99006010.166204,99007770.166204,DAO,2,
TRANSMITPACKET,7,1,99010577.880886,99012337.880886,DAO,2,
TRANSMITPACKET,4,1,99013573.606647,99015333.606647,DAO,2,
TRANSMITPACKET,6,7,99025110.487533,99026870.487533,DAO,2,
TRANSMITPACKET,8,7,99660555.000000,99664779.000000,App1_EMULATION-118,0,
TRANSMITPACKET,7,1,99669579.000000,99673803.000000,App1_EMULATION-118,0,
TRANSMITPACKET,1,2,99673803.000000,99673817.680000,App1_EMULATION-118,0,
TRANSMITPACKET,2,3,99673817.680000,99673834.440000,App1_EMULATION-118,0,
TRANSMITPACKET,4,1,99987709.006714,99989469.006714,DAO,2,
TRANSMITPACKET,5,1,99990179.672933,99991939.672933,DAO,2,
TRANSMITPACKET,6,7,99994131.394329,99995891.394329,DAO,1,
