BATTERY,7,99.998587,8769.000000,,
BATTERY,7,99.998587,8769.000000,,
BATTERY,7,99.997876,13185.000000,,
BATTERY,7,99.996964,15138.000000,,
BATTERY,7,99.996491,18074.000000,,
BATTERY,7,99.996491,18074.000000,,
BATTERY,7,99.996036,20899.000000,,
BATTERY,7,99.996036,20899.000000,,
BATTERY,7,99.995655,23268.000000,,
BATTERY,7,99.994683,25349.000000,,
BATTERY,7,99.994580,25989.000000,,
BATTERY,7,99.993615,27877.000000,,
BATTERY,7,99.992859,32569.000000,,
BATTERY,7,99.992859,32569.000000,,
BATTERY,7,99.992692,33607.000000,,
BATTERY,7,99.991721,35688.000000,,
BATTERY,7,99.991314,38216.000000,,
BATTERY,7,99.991314,38216.000000,,
BATTERY,7,99.990520,43143.000000,,
BATTERY,7,99.990520,43143.000000,,
BATTERY,7,99.990122,45613.000000,,
BATTERY,7,99.989157,47501.000000,,
BATTERY,7,99.988755,49993.000000,,
BATTERY,7,99.988755,49993.000000,,
BATTERY,7,99.988098,54077.000000,,
BATTERY,7,99.987126,56158.000000,,
BATTERY,7,99.986616,59326.000000,,
BATTERY,7,99.986616,59326.000000,,
BATTERY,7,99.986209,61855.000000,,
BATTERY,7,99.986209,61855.000000,,
BATTERY,7,99.984005,75531.000000,,
BATTERY,7,99.984005,75531.000000,,
BATTERY,7,99.982600,84253.000000,,
BATTERY,7,99.982600,84253.000000,,
BATTERY,7,99.982124,87208.000000,,
BATTERY,7,99.982124,87208.000000,,
BATTERY,7,99.981169,93137.000000,,
BATTERY,7,99.981169,93137.000000,,
BATTERY,7,99.979291,104789.000000,,
BATTERY,7,99.979291,104789.000000,,
BATTERY,7,99.977155,118051.000000,,
BATTERY,7,99.976184,120132.000000,,
BATTERY,7,99.975012,127405.000000,,
BATTERY,7,99.975012,127405.000000,,
BATTERY,7,99.973217,138544.000000,,
BATTERY,7,99.973217,138544.000000,,
BATTERY,7,99.970986,152390.000000,,
BATTERY,7,99.970986,152390.000000,,
BATTERY,7,99.963126,201180.000000,,
BATTERY,7,99.963126,201180.000000,,
BATTERY,7,99.959179,225680.000000,,
BATTERY,7,99.959179,225680.000000,,
BATTERY,7,99.956204,244143.000000,,
BATTERY,7,99.956204,244143.000000,,
BATTERY,7,99.956029,245232.000000,,
BATTERY,7,99.955057,247313.000000,,
BATTERY,7,99.954702,249521.000000,,
BATTERY,7,99.954702,249521.000000,,
BATTERY,7,99.954341,251761.000000,,
BATTERY,7,99.954341,251761.000000,,
BATTERY,7,99.927817,416391.000000,,
BATTERY,7,99.927817,416391.000000,,
BATTERY,7,99.926968,421661.000000,,
BATTERY,7,99.926968,421661.000000,,
BATTERY,7,99.922807,447486.000000,,
BATTERY,7,99.921836,449567.000000,,
BATTERY,7,99.916808,480777.000000,,
BATTERY,7,99.916808,480777.000000,,
BATTERY,7,99.915199,490766.000000,,
BATTERY,7,99.915199,490766.000000,,
BATTERY,7,99.902077,572211.000000,,
BATTERY,7,99.899918,576435.000000,,
BATTERY,7,99.899588,578483.000000,,
BATTERY,7,99.897527,582900.000000,,
BATTERY,7,99.860422,813205.000000,,
BATTERY,7,99.860422,813205.000000,,
BATTERY,7,99.860144,814934.000000,,
BATTERY,7,99.859172,817015.000000,,
BATTERY,7,99.851436,865036.000000,,
BATTERY,7,99.851436,865036.000000,,
BATTERY,7,99.850325,871928.000000,,
BATTERY,7,99.850325,871928.000000,,
BATTERY,7,99.850047,873653.000000,,
BATTERY,7,99.847888,877877.000000,,
BATTERY,7,99.825960,1013986.786676,,
BATTERY,7,99.825048,1015939.786676,,
BATTERY,7,99.824573,1018891.906796,,
BATTERY,7,99.823673,1020651.906796,,
BATTERY,7,99.822698,1026706.293405,,
BATTERY,7,99.821798,1028466.293405,,
BATTERY,7,99.820006,1039590.186743,,
BATTERY,7,99.819106,1041350.186743,,
BATTERY,7,99.790956,1216079.000000,,
BATTERY,7,99.788797,1220303.000000,,
BATTERY,7,99.788518,1222031.000000,,
BATTERY,7,99.786457,1226448.000000,,
BATTERY,7,99.723095,1619732.000000,,
BATTERY,7,99.723095,1619732.000000,,
BATTERY,7,99.720402,1636446.000000,,
BATTERY,7,99.719431,1638527.000000,,
BATTERY,7,99.715159,1665038.000000,,
BATTERY,7,99.715159,1665038.000000,,
BATTERY,7,99.691123,1814228.000000,,
BATTERY,7,99.688850,1818676.000000,,
BATTERY,7,99.688470,1821031.000000,,
BATTERY,7,99.688470,1821031.000000,,
BATTERY,7,99.688295,1822120.000000,,
BATTERY,7,99.686129,1826761.000000,,
BATTERY,7,99.685248,1832232.000000,,
BATTERY,7,99.683857,1834952.000000,,
BATTERY,7,99.656334,2005790.000000,,
BATTERY,7,99.656334,2005790.000000,,
BATTERY,7,99.655173,2012996.573351,,
BATTERY,7,99.654261,2014949.573351,,
BATTERY,7,99.653818,2017699.093539,,
BATTERY,7,99.652919,2019459.093539,,
BATTERY,7,99.652894,2019610.200201,,
BATTERY,7,99.651995,2021370.200201,,
BATTERY,7,99.651225,2026144.586810,,
BATTERY,7,99.650326,2027904.586810,,
BATTERY,7,99.648130,2041537.000000,,
BATTERY,7,99.648130,2041537.000000,,
BATTERY,7,99.647923,2042818.000000,,
BATTERY,7,99.647024,2044578.000000,,
BATTERY,7,99.491624,3009126.360027,,
BATTERY,7,99.490713,3011079.360027,,
BATTERY,7,99.489812,3016669.000000,,
BATTERY,7,99.487539,3021117.000000,,
BATTERY,7,99.487280,3022723.280282,,
BATTERY,7,99.485023,3027139.280282,,
BATTERY,7,99.483682,3035460.280282,,
BATTERY,7,99.482783,3037220.280282,,
BATTERY,7,99.482340,3039968.200201,,
BATTERY,7,99.481441,3041728.200201,,
BATTERY,7,99.465037,3143543.000000,,
BATTERY,7,99.465037,3143543.000000,,
BATTERY,7,99.439764,3300410.000000,,
BATTERY,7,99.439764,3300410.000000,,
BATTERY,7,99.429875,3361790.000000,,
BATTERY,7,99.428904,3363871.000000,,
BATTERY,7,99.426954,3375976.000000,,
BATTERY,7,99.424680,3380424.000000,,
BATTERY,7,99.424402,3382152.000000,,
BATTERY,7,99.422236,3386793.000000,,
BATTERY,7,99.407819,3476280.000000,,
BATTERY,7,99.407819,3476280.000000,,
BATTERY,7,99.379429,3652493.000000,,
BATTERY,7,99.377270,3656717.000000,,
BATTERY,7,99.377095,3657805.000000,,
BATTERY,7,99.375033,3662222.000000,,
BATTERY,7,99.318478,4013256.146702,,
BATTERY,7,99.317566,4015209.146702,,
BATTERY,7,99.316887,4019425.467025,,
BATTERY,7,99.315988,4021185.467025,,
BATTERY,7,99.315215,4025981.173620,,
BATTERY,7,99.314315,4027741.173620,,
BATTERY,7,99.313656,4031833.000000,,
BATTERY,7,99.313656,4031833.000000,,
BATTERY,7,99.312768,4037347.746971,,
BATTERY,7,99.311868,4039107.746971,,
BATTERY,7,99.225939,4572458.000000,,
BATTERY,7,99.223780,4576682.000000,,
BATTERY,7,99.223657,4577450.000000,,
BATTERY,7,99.221595,4581867.000000,,
BATTERY,7,99.151451,5017248.653768,,
BATTERY,7,99.150551,5019008.653768,,
BATTERY,7,99.150142,5021545.933378,,
BATTERY,7,99.149231,5023498.933378,,
BATTERY,7,99.148818,5026059.467025,,
BATTERY,7,99.147919,5027819.467025,,
BATTERY,7,99.146549,5036322.933714,,
BATTERY,7,99.145649,5038082.933714,,
BATTERY,7,99.059388,5573497.000000,,
BATTERY,7,99.057229,5577721.000000,,
BATTERY,7,99.057157,5578169.000000,,
BATTERY,7,99.055096,5582586.000000,,
BATTERY,7,98.986029,6011275.720054,,
BATTERY,7,98.985118,6013228.720054,,
BATTERY,7,98.984460,6017311.840510,,
BATTERY,7,98.983560,6019071.840510,,
BATTERY,7,98.983526,6019283.373821,,
BATTERY,7,98.982627,6021043.373821,,
BATTERY,7,98.982064,6024537.760430,,
BATTERY,7,98.981164,6026297.760430,,
BATTERY,7,98.979797,6034786.120457,,
BATTERY,7,98.978897,6036546.120457,,
BATTERY,7,98.919720,6403852.000000,,
BATTERY,7,98.919720,6403852.000000,,
BATTERY,7,98.909046,6470105.000000,,
BATTERY,7,98.909046,6470105.000000,,
BATTERY,7,98.892443,6573160.000000,,
BATTERY,7,98.890284,6577384.000000,,
BATTERY,7,98.890108,6578472.000000,,
BATTERY,7,98.888047,6582889.000000,,
BATTERY,7,98.821851,6993764.000000,,
BATTERY,7,98.821851,6993764.000000,,
BATTERY,7,98.818518,7014445.506729,,
BATTERY,7,98.817607,7016398.506729,,
BATTERY,7,98.817553,7016735.027253,,
BATTERY,7,98.816653,7018495.027253,,
BATTERY,7,98.816617,7018721.667226,,
BATTERY,7,98.815717,7020481.667226,,
BATTERY,7,98.813659,7033256.053835,,
BATTERY,7,98.812760,7035016.053835,,
BATTERY,7,98.808598,7060846.000000,,
BATTERY,7,98.808598,7060846.000000,,
BATTERY,7,98.725522,7576492.000000,,
BATTERY,7,98.723363,7580716.000000,,
BATTERY,7,98.723033,7582764.000000,,
BATTERY,7,98.720972,7587181.000000,,
BATTERY,7,98.701948,7705258.000000,,
BATTERY,7,98.700977,7707339.000000,,
BATTERY,7,98.688989,7781746.000000,,
BATTERY,7,98.688989,7781746.000000,,
BATTERY,7,98.651297,8015695.293405,,
BATTERY,7,98.650386,8017648.293405,,
BATTERY,7,98.650110,8019358.213996,,
BATTERY,7,98.649211,8021118.213996,,
BATTERY,7,98.648686,8024374.347240,,
BATTERY,7,98.647787,8026134.347240,,
BATTERY,7,98.646218,8035872.493942,,
BATTERY,7,98.645318,8037632.493942,,
BATTERY,7,98.558414,8577036.000000,,
BATTERY,7,98.556255,8581260.000000,,
BATTERY,7,98.555977,8582988.000000,,
BATTERY,7,98.553916,8587405.000000,,
BATTERY,7,98.485692,9010865.080081,,
BATTERY,7,98.484780,9012818.080081,,
BATTERY,7,98.483959,9017918.254036,,
BATTERY,7,98.483059,9019678.254036,,
BATTERY,7,98.482341,9024132.640645,,
BATTERY,7,98.481442,9025892.640645,,
BATTERY,7,98.479154,9040095.680685,,
BATTERY,7,98.478254,9041855.680685,,
BATTERY,7,98.391745,9578805.000000,,
BATTERY,7,98.389587,9583029.000000,,
BATTERY,7,98.389514,9583477.000000,,
BATTERY,7,98.387453,9587894.000000,,
BATTERY,7,98.319106,10012114.866756,,
BATTERY,7,98.318195,10014067.866756,,
BATTERY,7,98.317735,10016924.587481,,
BATTERY,7,98.316835,10018684.587481,,
BATTERY,7,98.315945,10024210.934050,,
BATTERY,7,98.315045,10025970.934050,,
BATTERY,7,98.313739,10034078.867428,,
BATTERY,7,98.312839,10035838.867428,,
BATTERY,7,98.225041,10580792.000000,,
BATTERY,7,98.222883,10585016.000000,,
BATTERY,7,98.222759,10585784.000000,,
BATTERY,7,98.220698,10590201.000000,,
BATTERY,7,98.152985,11010484.653432,,
BATTERY,7,98.152074,11012437.653432,,
BATTERY,7,98.151475,11016154.840846,,
BATTERY,7,98.150575,11017914.840846,,
BATTERY,7,98.149755,11023009.227454,,
BATTERY,7,98.148855,11024769.227454,,
BATTERY,7,98.147190,11035102.054170,,
BATTERY,7,98.146291,11036862.054170,,
BATTERY,7,98.056422,11594666.000000,,
BATTERY,7,98.054263,11598890.000000,,
BATTERY,7,98.053985,11600618.000000,,
BATTERY,7,98.051924,11605035.000000,,
BATTERY,7,97.986400,12011734.440107,,
BATTERY,7,97.985489,12013687.440107,,
BATTERY,7,97.985101,12016090.960967,,
BATTERY,7,97.984202,12017850.960967,,
BATTERY,7,97.984153,12018153.134251,,
BATTERY,7,97.983253,12019913.134251,,
BATTERY,7,97.982794,12022767.520859,,
BATTERY,7,97.981894,12024527.520859,,
BATTERY,7,97.980283,12034525.240913,,
BATTERY,7,97.979384,12036285.240913,,
BATTERY,7,97.888883,12598017.000000,,
BATTERY,7,97.886724,12602241.000000,,
BATTERY,7,97.886548,12603329.000000,,
BATTERY,7,97.884487,12607746.000000,,
BATTERY,7,97.877936,12648407.000000,,
BATTERY,7,97.877936,12648407.000000,,
BATTERY,7,97.819714,13009784.226783,,
BATTERY,7,97.818803,13011737.226783,,
BATTERY,7,97.817937,13017114.147710,,
BATTERY,7,97.817037,13018874.147710,,
BATTERY,7,97.816242,13023805.814264,,
BATTERY,7,97.815343,13025565.814264,,
BATTERY,7,97.814147,13032988.427656,,
BATTERY,7,97.813247,13034748.427656,,
BATTERY,7,97.722908,13595475.000000,,
BATTERY,7,97.720749,13599699.000000,,
BATTERY,7,97.720368,13602067.000000,,
BATTERY,7,97.718306,13606484.000000,,
BATTERY,7,97.652923,14012315.000000,,
BATTERY,7,97.652923,14012315.000000,,
BATTERY,7,97.652747,14013404.000000,,
BATTERY,7,97.651836,14015357.000000,,
BATTERY,7,97.651669,14016389.721061,,
BATTERY,7,97.650770,14018149.721061,,
BATTERY,7,97.650052,14022604.107669,,
BATTERY,7,97.649153,14024364.107669,,
BATTERY,7,97.647650,14033691.614399,,
BATTERY,7,97.646750,14035451.614399,,
BATTERY,7,97.603064,14306607.000000,,
BATTERY,7,97.602093,14308688.000000,,
BATTERY,7,97.597468,14337393.000000,,
BATTERY,7,97.597468,14337393.000000,,
BATTERY,7,97.555915,14595312.000000,,
BATTERY,7,97.553756,14599536.000000,,
BATTERY,7,97.553477,14601264.000000,,
BATTERY,7,97.551416,14605681.000000,,
BATTERY,7,97.486269,15010043.800134,,
BATTERY,7,97.485357,15011996.800134,,
BATTERY,7,97.484740,15015828.014466,,
BATTERY,7,97.483841,15017588.014466,,
BATTERY,7,97.482968,15023002.401074,,
BATTERY,7,97.482069,15024762.401074,,
BATTERY,7,97.480568,15034074.801141,,
BATTERY,7,97.479669,15035834.801141,,
BATTERY,7,97.414284,15441669.000000,,
BATTERY,7,97.414284,15441669.000000,,
BATTERY,7,97.389709,15594206.000000,,
BATTERY,7,97.387550,15598430.000000,,
BATTERY,7,97.387478,15598878.000000,,
BATTERY,7,97.385417,15603295.000000,,
BATTERY,7,97.354512,15795114.000000,,
BATTERY,7,97.354512,15795114.000000,,
BATTERY,7,97.319838,16010333.586810,,
BATTERY,7,97.318927,16012286.586810,,
BATTERY,7,97.318634,16014103.707938,,
BATTERY,7,97.317734,16015863.707938,,
BATTERY,7,97.316778,16021800.694479,,
BATTERY,7,97.315878,16023560.694479,,
BATTERY,7,97.314329,16033177.987884,,
BATTERY,7,97.313429,16034937.987884,,
BATTERY,7,97.223015,16596133.000000,,
BATTERY,7,97.220856,16600357.000000,,
BATTERY,7,97.220216,16604325.000000,,
BATTERY,7,97.218155,16608742.000000,,
BATTERY,7,97.153459,17010303.373486,,
BATTERY,7,97.152548,17012256.373486,,
BATTERY,7,97.152085,17015126.894681,,
BATTERY,7,97.151186,17016886.894681,,
BATTERY,7,97.150330,17022198.987884,,
BATTERY,7,97.149430,17023958.987884,,
BATTERY,7,97.146852,17039961.174627,,
BATTERY,7,97.145953,17041721.174627,,
BATTERY,7,97.056838,17594846.000000,,
BATTERY,7,97.054679,17599070.000000,,
BATTERY,7,97.054504,17600158.000000,,
BATTERY,7,97.052443,17604575.000000,,
BATTERY,7,96.987029,18010593.160161,,
BATTERY,7,96.986117,18012546.160161,,
BATTERY,7,96.985654,18015422.894681,,
BATTERY,7,96.984754,18017182.894681,,
BATTERY,7,96.984088,18021317.281289,,
BATTERY,7,96.983188,18023077.281289,,
BATTERY,7,96.981799,18031704.361370,,
BATTERY,7,96.980899,18033464.361370,,
BATTERY,7,96.889995,18597698.000000,,
BATTERY,7,96.887836,18601922.000000,,
BATTERY,7,96.887764,18602370.000000,,
BATTERY,7,96.885702,18606787.000000,,
BATTERY,7,96.820856,19009282.946837,,
BATTERY,7,96.819944,19011235.946837,,
BATTERY,7,96.819400,19014613.268166,,
BATTERY,7,96.818501,19016373.268166,,
BATTERY,7,96.817640,19021715.574694,,
BATTERY,7,96.816740,19023475.574694,,
BATTERY,7,96.815404,19031767.548112,,
BATTERY,7,96.814505,19033527.548112,,
BATTERY,7,96.723939,19595661.000000,,
BATTERY,7,96.721780,19599885.000000,,
BATTERY,7,96.721656,19600653.000000,,
BATTERY,7,96.719595,19605070.000000,,
BATTERY,7,96.654322,20010212.733512,,
BATTERY,7,96.653411,20012165.733512,,
BATTERY,7,96.653264,20013076.454909,,
BATTERY,7,96.652364,20014836.454909,,
BATTERY,7,96.651192,20022113.868099,,
BATTERY,7,96.650292,20023873.868099,,
BATTERY,7,96.648701,20033750.734855,,
BATTERY,7,96.647801,20035510.734855,,
BATTERY,7,96.557238,20597629.000000,,
BATTERY,7,96.555079,20601853.000000,,
BATTERY,7,96.554955,20602621.000000,,
BATTERY,7,96.552894,20607038.000000,,
BATTERY,7,96.488149,21008902.520188,,
BATTERY,7,96.487238,21010855.520188,,
BATTERY,7,96.486619,21014697.774895,,
BATTERY,7,96.485719,21016457.774895,,
BATTERY,7,96.485002,21020912.161504,,
BATTERY,7,96.484102,21022672.161504,,
BATTERY,7,96.482771,21030933.921598,,
BATTERY,7,96.481871,21032693.921598,,
BATTERY,7,96.390609,21599152.000000,,
BATTERY,7,96.388450,21603376.000000,,
BATTERY,7,96.388326,21604144.000000,,
BATTERY,7,96.386265,21608561.000000,,
BATTERY,7,96.321616,22009832.306864,,
BATTERY,7,96.320704,22011785.306864,,
BATTERY,7,96.320476,22013202.828394,,
BATTERY,7,96.319576,22014962.828394,,
BATTERY,7,96.318657,22020670.454909,,
BATTERY,7,96.317757,22022430.454909,,
BATTERY,7,96.316428,22030677.108341,,
BATTERY,7,96.315529,22032437.108341,,
BATTERY,7,96.223972,22600719.000000,,
BATTERY,7,96.221813,22604943.000000,,
BATTERY,7,96.221690,22605711.000000,,
BATTERY,7,96.219628,22610128.000000,,
BATTERY,7,96.155391,23008842.093539,,
BATTERY,7,96.154480,23010795.093539,,
BATTERY,7,96.153979,23013906.015137,,
BATTERY,7,96.153079,23015666.015137,,
BATTERY,7,96.151693,23024268.748314,,
BATTERY,7,96.150793,23026028.748314,,
BATTERY,7,96.150034,23030740.295083,,
BATTERY,7,96.149135,23032500.295083,,
BATTERY,7,96.057431,23601696.000000,,
BATTERY,7,96.055272,23605920.000000,,
BATTERY,7,96.054994,23607648.000000,,
BATTERY,7,96.052932,23612065.000000,,
BATTERY,7,95.988806,24010091.880215,,
BATTERY,7,95.987894,24012044.880215,,
BATTERY,7,95.987739,24013009.201880,,
BATTERY,7,95.986840,24014769.201880,,
BATTERY,7,95.986813,24014932.655110,,
BATTERY,7,95.985914,24016692.655110,,
BATTERY,7,95.984680,24024347.041719,,
BATTERY,7,95.983781,24026107.041719,,
BATTERY,7,95.983024,24030803.481826,,
BATTERY,7,95.982125,24032563.481826,,
BATTERY,7,95.890459,24601522.000000,,
BATTERY,7,95.888300,24605746.000000,,
BATTERY,7,95.887970,24607794.000000,,
BATTERY,7,95.885909,24612211.000000,,
BATTERY,7,95.822069,25008461.666890,,
BATTERY,7,95.821157,25010414.666890,,
BATTERY,7,95.820832,25012432.388623,,
BATTERY,7,95.819933,25014192.388623,,
BATTERY,7,95.819852,25014690.948515,,
BATTERY,7,95.818953,25016450.948515,,
BATTERY,7,95.818390,25019945.335124,,
BATTERY,7,95.817490,25021705.335124,,
BATTERY,7,95.816066,25030546.668569,,
BATTERY,7,95.815166,25032306.668569,,
BATTERY,7,95.723502,25601257.000000,,
BATTERY,7,95.721343,25605481.000000,,
BATTERY,7,95.720962,25607849.000000,,
BATTERY,7,95.718900,25612266.000000,,
BATTERY,7,95.654764,26010351.453566,,
BATTERY,7,95.653853,26012304.453566,,
BATTERY,7,95.653667,26013455.575365,,
BATTERY,7,95.652768,26015215.575365,,
BATTERY,7,95.651942,26020343.628529,,
BATTERY,7,95.651042,26022103.628529,,
BATTERY,7,95.649723,26030289.855312,,
BATTERY,7,95.648824,26032049.855312,,
BATTERY,7,95.641023,26080468.000000,,
BATTERY,7,95.640052,26082549.000000,,
BATTERY,7,95.585394,26421805.000000,,
BATTERY,7,95.585394,26421805.000000,,
BATTERY,7,95.556165,26603226.000000,,
BATTERY,7,95.554006,26607450.000000,,
BATTERY,7,95.553779,26608858.000000,,
BATTERY,7,95.551718,26613275.000000,,
BATTERY,7,95.531990,26735723.000000,,
BATTERY,7,95.531990,26735723.000000,,
BATTERY,7,95.487749,27010321.240242,,
BATTERY,7,95.486838,27012274.240242,,
BATTERY,7,95.486784,27012607.535325,,
BATTERY,7,95.485885,27014367.535325,,
BATTERY,7,95.484858,27020741.921934,,
BATTERY,7,95.483958,27022501.921934,,
BATTERY,7,95.482899,27029073.042055,,
BATTERY,7,95.482000,27030833.042055,,
BATTERY,7,95.389086,27607538.000000,,
BATTERY,7,95.386927,27611762.000000,,
BATTERY,7,95.386855,27612210.000000,,
BATTERY,7,95.384794,27616627.000000,,
BATTERY,7,95.321370,28010291.026917,,
BATTERY,7,95.320459,28012244.026917,,
BATTERY,7,95.320388,28012685.828730,,
BATTERY,7,95.319488,28014445.828730,,
BATTERY,7,95.319318,28015501.948851,,
BATTERY,7,95.318418,28017261.948851,,
BATTERY,7,95.317175,28024980.215339,,
BATTERY,7,95.316275,28026740.215339,,
BATTERY,7,95.315735,28030096.228797,,
BATTERY,7,95.314835,28031856.228797,,
BATTERY,7,95.222184,28606931.000000,,
BATTERY,7,95.220025,28611155.000000,,
BATTERY,7,95.219953,28611603.000000,,
BATTERY,7,95.217892,28616020.000000,,
BATTERY,7,95.203933,28702661.000000,,
BATTERY,7,95.203933,28702661.000000,,
BATTERY,7,95.154427,29009940.813593,,
BATTERY,7,95.153515,29011893.813593,,
BATTERY,7,95.153440,29012365.135594,,
BATTERY,7,95.152540,29014125.135594,,
BATTERY,7,95.151500,29020578.508744,,
BATTERY,7,95.150601,29022338.508744,,
BATTERY,7,95.149341,29030159.415540,,
BATTERY,7,95.148441,29031919.415540,,
BATTERY,7,95.055262,29610271.000000,,
BATTERY,7,95.053103,29614495.000000,,
BATTERY,7,95.053031,29614943.000000,,
BATTERY,7,95.050970,29619360.000000,,
BATTERY,7,94.988254,30008630.600269,,
BATTERY,7,94.987343,30010583.600269,,
BATTERY,7,94.986979,30012842.415540,,
BATTERY,7,94.986079,30014602.415540,,
BATTERY,7,94.985104,30020656.802149,,
BATTERY,7,94.984204,30022416.802149,,
BATTERY,7,94.982947,30030222.602283,,
BATTERY,7,94.982047,30031982.602283,,
BATTERY,7,94.888998,30609529.000000,,
BATTERY,7,94.886839,30613753.000000,,
BATTERY,7,94.886715,30614521.000000,,
BATTERY,7,94.884654,30618938.000000,,
BATTERY,7,94.821772,31009240.386944,,
BATTERY,7,94.820861,31011193.386944,,
BATTERY,7,94.820737,31011960.708945,,
BATTERY,7,94.819837,31013720.708945,,
BATTERY,7,94.819829,31013771.509079,,
BATTERY,7,94.818930,31015531.509079,,
BATTERY,7,94.818504,31018175.095553,,
BATTERY,7,94.817604,31019935.095553,,
BATTERY,7,94.816040,31029645.789026,,
BATTERY,7,94.815140,31031405.789026,,
BATTERY,7,94.793575,31165255.000000,,
BATTERY,7,94.793575,31165255.000000,,
BATTERY,7,94.749106,31441270.000000,,
BATTERY,7,94.749106,31441270.000000,,
BATTERY,7,94.722279,31607784.000000,,
BATTERY,7,94.720120,31612008.000000,,
BATTERY,7,94.719945,31613096.000000,,
BATTERY,7,94.717884,31617513.000000,,
BATTERY,7,94.654725,32009530.173620,,
BATTERY,7,94.653814,32011483.173620,,
BATTERY,7,94.653724,32012039.002350,,
BATTERY,7,94.652825,32013799.002350,,
BATTERY,7,94.651849,32019853.388958,,
BATTERY,7,94.650950,32021613.388958,,
BATTERY,7,94.649955,32027788.975768,,
BATTERY,7,94.649055,32029548.975768,,
BATTERY,7,94.555915,32607664.000000,,
BATTERY,7,94.553756,32611888.000000,,
BATTERY,7,94.553580,32612976.000000,,
BATTERY,7,94.551519,32617393.000000,,
BATTERY,7,94.488398,33009179.960295,,
BATTERY,7,94.487486,33011132.960295,,
BATTERY,7,94.487196,33012937.882565,,
BATTERY,7,94.486296,33014697.882565,,
BATTERY,7,94.485556,33019291.682363,,
BATTERY,7,94.484656,33021051.682363,,
BATTERY,7,94.483251,33029772.162511,,
BATTERY,7,94.482352,33031532.162511,,
BATTERY,7,94.388724,33612670.000000,,
BATTERY,7,94.386565,33616894.000000,,
BATTERY,7,94.386287,33618622.000000,,
BATTERY,7,94.384226,33623039.000000,,
BATTERY,7,94.321916,34009789.746971,,
BATTERY,7,94.321004,34011742.746971,,
BATTERY,7,94.320698,34013641.069308,,
BATTERY,7,94.319799,34015401.069308,,
BATTERY,7,94.319108,34019689.975768,,
BATTERY,7,94.318208,34021449.975768,,
BATTERY,7,94.316960,34029195.349254,,
BATTERY,7,94.316061,34030955.349254,,
BATTERY,7,94.222677,34610580.000000,,
BATTERY,7,94.220518,34614804.000000,,
BATTERY,7,94.220343,34615892.000000,,
BATTERY,7,94.218281,34620309.000000,,
BATTERY,7,94.155571,35009544.256050,,
BATTERY,7,94.154672,35011304.256050,,
BATTERY,7,94.154670,35011313.882565,,
BATTERY,7,94.153771,35013073.882565,,
BATTERY,7,94.153726,35013353.256050,,
BATTERY,7,94.152814,35015306.256050,,
BATTERY,7,94.152405,35017848.269173,,
BATTERY,7,94.151505,35019608.269173,,
BATTERY,7,94.150260,35027338.535997,,
BATTERY,7,94.149360,35029098.535997,,
BATTERY,7,94.055904,35609173.000000,,
BATTERY,7,94.053745,35613397.000000,,
BATTERY,7,94.053673,35613845.000000,,
BATTERY,7,94.051611,35618262.000000,,
BATTERY,7,93.988613,36009287.442793,,
BATTERY,7,93.987713,36011047.442793,,
BATTERY,7,93.987658,36011392.175970,,
BATTERY,7,93.986758,36013152.175970,,
BATTERY,7,93.986686,36013601.175970,,
BATTERY,7,93.985774,36015554.175970,,
BATTERY,7,93.985547,36016966.562578,,
BATTERY,7,93.984647,36018726.562578,,
BATTERY,7,93.983353,36026761.722739,,
BATTERY,7,93.982453,36028521.722739,,
BATTERY,7,93.888581,36611174.000000,,
BATTERY,7,93.886423,36615398.000000,,
BATTERY,7,93.886041,36617766.000000,,
BATTERY,7,93.883980,36622183.000000,,
BATTERY,7,93.821654,37009030.629536,,
BATTERY,7,93.820755,37010790.629536,,
BATTERY,7,93.820748,37010830.469375,,
BATTERY,7,93.819849,37012590.469375,,
BATTERY,7,93.819828,37012719.469375,,
BATTERY,7,93.818917,37014672.469375,,
BATTERY,7,93.818586,37016724.855983,,
BATTERY,7,93.817686,37018484.855983,,
BATTERY,7,93.816136,37028104.909482,,
BATTERY,7,93.815237,37029864.909482,,
BATTERY,7,93.721547,37611390.000000,,
BATTERY,7,93.719388,37615614.000000,,
BATTERY,7,93.719006,37617982.000000,,
BATTERY,7,93.716945,37622399.000000,,
BATTERY,7,93.654593,38009413.816279,,
BATTERY,7,93.653693,38011173.816279,,
BATTERY,7,93.653328,38013437.762780,,
BATTERY,7,93.652417,38015390.762780,,
BATTERY,7,93.652138,38017123.149388,,
BATTERY,7,93.651238,38018883.149388,,
BATTERY,7,93.649846,38027528.096225,,
BATTERY,7,93.648946,38029288.096225,,
BATTERY,7,93.554828,38613466.000000,,
BATTERY,7,93.552669,38617690.000000,,
BATTERY,7,93.552288,38620058.000000,,
BATTERY,7,93.550227,38624475.000000,,
BATTERY,7,93.488405,39008197.003021,,
BATTERY,7,93.487505,39009957.003021,,
BATTERY,7,93.486932,39013516.056185,,
BATTERY,7,93.486020,39015469.056185,,
BATTERY,7,93.485844,39016561.442793,,
BATTERY,7,93.484945,39018321.442793,,
BATTERY,7,93.483606,39026631.282968,,
BATTERY,7,93.482707,39028391.282968,,
BATTERY,7,93.386725,39624137.000000,,
BATTERY,7,93.384566,39628361.000000,,
BATTERY,7,93.384443,39629129.000000,,
BATTERY,7,93.382381,39633546.000000,,
BATTERY,7,93.322103,40007688.467025,,
BATTERY,7,93.321191,40009641.467025,,
BATTERY,7,93.320189,40015865.349590,,
BATTERY,7,93.319289,40017625.349590,,
BATTERY,7,93.317983,40025734.469710,,
BATTERY,7,93.317083,40027494.469710,,
BATTERY,7,93.317063,40027621.189764,,
BATTERY,7,93.316163,40029381.189764,,
BATTERY,7,93.220908,40620620.000000,,
BATTERY,7,93.218749,40624844.000000,,
BATTERY,7,93.218471,40626572.000000,,
BATTERY,7,93.216409,40630989.000000,,
BATTERY,7,93.155672,41007978.253700,,
BATTERY,7,93.154761,41009931.253700,,
BATTERY,7,93.154256,41013063.642995,,
BATTERY,7,93.153357,41014823.642995,,
BATTERY,7,93.152484,41020238.029603,,
BATTERY,7,93.151585,41021998.029603,,
BATTERY,7,93.150818,41026757.656453,,
BATTERY,7,93.149918,41028517.656453,,
BATTERY,7,93.054579,41620278.000000,,
BATTERY,7,93.052420,41624502.000000,,
BATTERY,7,93.052090,41626550.000000,,
BATTERY,7,93.050029,41630967.000000,,
BATTERY,7,92.989377,42007426.563250,,
BATTERY,7,92.988478,42009186.563250,,
BATTERY,7,92.988155,42011190.936399,,
BATTERY,7,92.987243,42013143.936399,,
BATTERY,7,92.986603,42017116.323008,,
BATTERY,7,92.985704,42018876.323008,,
BATTERY,7,92.984424,42026820.843196,,
BATTERY,7,92.983524,42028580.843196,,
BATTERY,7,92.887821,42622603.000000,,
BATTERY,7,92.885662,42626827.000000,,
BATTERY,7,92.884971,42631115.000000,,
BATTERY,7,92.882910,42635532.000000,,
BATTERY,7,92.822914,43007917.827052,,
BATTERY,7,92.822003,43009870.827052,,
BATTERY,7,92.821876,43010660.229804,,
BATTERY,7,92.820976,43012420.229804,,
BATTERY,7,92.820207,43017194.616413,,
BATTERY,7,92.819307,43018954.616413,,
BATTERY,7,92.818339,43024964.029939,,
BATTERY,7,92.817440,43026724.029939,,
BATTERY,7,92.721457,43622475.000000,,
BATTERY,7,92.719299,43626699.000000,,
BATTERY,7,92.718917,43629067.000000,,
BATTERY,7,92.716856,43633484.000000,,
BATTERY,7,92.656432,44008527.613727,,
BATTERY,7,92.655521,44010480.613727,,
BATTERY,7,92.655273,44012018.523209,,
BATTERY,7,92.654373,44013778.523209,,
BATTERY,7,92.653862,44016952.909818,,
BATTERY,7,92.652962,44018712.909818,,
BATTERY,7,92.651636,44026947.216681,,
BATTERY,7,92.650736,44028707.216681,,
BATTERY,7,92.555177,44621832.000000,,
BATTERY,7,92.553018,44626056.000000,,
BATTERY,7,92.552637,44628424.000000,,
BATTERY,7,92.550575,44632841.000000,,
BATTERY,7,92.490298,45006976.123478,,
BATTERY,7,92.489399,45008736.123478,,
BATTERY,7,92.489373,45008896.816614,,
BATTERY,7,92.488473,45010656.816614,,
BATTERY,7,92.488401,45011105.123478,,
BATTERY,7,92.487489,45013058.123478,,
BATTERY,7,92.486901,45016711.203223,,
BATTERY,7,92.486001,45018471.203223,,
BATTERY,7,92.484832,45025730.403424,,
BATTERY,7,92.483932,45027490.403424,,
BATTERY,7,92.388188,45621766.000000,,
BATTERY,7,92.386029,45625990.000000,,
BATTERY,7,92.385751,45627718.000000,,
BATTERY,7,92.383689,45632135.000000,,
BATTERY,7,92.323340,46006719.310221,,
BATTERY,7,92.322440,46008479.310221,,
BATTERY,7,92.321901,46011824.110019,,
BATTERY,7,92.320990,46013777.110019,,
BATTERY,7,92.320504,46016789.496628,,
BATTERY,7,92.319605,46018549.496628,,
BATTERY,7,92.318644,46024513.590167,,
BATTERY,7,92.317744,46026273.590167,,
BATTERY,7,92.221981,46620669.000000,,
BATTERY,7,92.219822,46624893.000000,,
BATTERY,7,92.219440,46627261.000000,,
BATTERY,7,92.217379,46631678.000000,,
BATTERY,7,92.156739,47008062.496963,,
BATTERY,7,92.155840,47009822.496963,,
BATTERY,7,92.155556,47011582.403424,,
BATTERY,7,92.154645,47013535.403424,,
BATTERY,7,92.154314,47015587.790033,,
BATTERY,7,92.153415,47017347.790033,,
BATTERY,7,92.152095,47025536.776910,,
BATTERY,7,92.151196,47027296.776910,,
BATTERY,7,92.055336,47622287.000000,,
BATTERY,7,92.053177,47626511.000000,,
BATTERY,7,92.052899,47628239.000000,,
BATTERY,7,92.050838,47632656.000000,,
BATTERY,7,91.990500,48007165.683706,,
BATTERY,7,91.989600,48008925.683706,,
BATTERY,7,91.989263,48011020.696829,,
BATTERY,7,91.988351,48012973.696829,,
BATTERY,7,91.987918,48015666.083438,,
BATTERY,7,91.987018,48017426.083438,,
BATTERY,7,91.985701,48025599.963652,,
BATTERY,7,91.984802,48027359.963652,,
BATTERY,7,91.888646,48624186.000000,,
BATTERY,7,91.886487,48628410.000000,,
BATTERY,7,91.886364,48629178.000000,,
BATTERY,7,91.884302,48633595.000000,,
BATTERY,7,91.824054,49007548.870449,,
BATTERY,7,91.823155,49009308.870449,,
BATTERY,7,91.822660,49012378.990234,,
BATTERY,7,91.821749,49014331.990234,,
BATTERY,7,91.821676,49014784.376843,,
BATTERY,7,91.820776,49016544.376843,,
BATTERY,7,91.819616,49023743.150395,,
BATTERY,7,91.818717,49025503.150395,,
BATTERY,7,91.721841,49626803.000000,,
BATTERY,7,91.719682,49631027.000000,,
BATTERY,7,91.719352,49633075.000000,,
BATTERY,7,91.717291,49637492.000000,,
BATTERY,7,91.657969,50005692.057192,,
BATTERY,7,91.657070,50007452.057192,,
BATTERY,7,91.656521,50010857.283639,,
BATTERY,7,91.655610,50012810.283639,,
BATTERY,7,91.655125,50015822.670248,,
BATTERY,7,91.654225,50017582.670248,,
BATTERY,7,91.653068,50024766.337138,,
BATTERY,7,91.652168,50026526.337138,,
BATTERY,7,91.555086,50629108.000000,,
BATTERY,7,91.552927,50633332.000000,,
BATTERY,7,91.552700,50634740.000000,,
BATTERY,7,91.550638,50639157.000000,,
BATTERY,7,91.491575,51005755.243934,,
BATTERY,7,91.490676,51007515.243934,,
BATTERY,7,91.490655,51007644.243934,,
BATTERY,7,91.489744,51009597.243934,,
BATTERY,7,91.487290,51024829.523881,,
BATTERY,7,91.486390,51026589.523881,,
BATTERY,7,91.486329,51026966.577044,,
BATTERY,7,91.485430,51028726.577044,,
BATTERY,7,91.485017,51031287.577044,,
BATTERY,7,91.484118,51033047.577044,,
BATTERY,7,91.388164,51628622.000000,,
BATTERY,7,91.386005,51632846.000000,,
BATTERY,7,91.385675,51634894.000000,,
BATTERY,7,91.383614,51639311.000000,,
BATTERY,7,91.324359,52007098.430677,,
BATTERY,7,91.323460,52008858.430677,,
BATTERY,7,91.323215,52010373.870449,,
BATTERY,7,91.322304,52012326.870449,,
BATTERY,7,91.322128,52013419.257057,,
BATTERY,7,91.321228,52015179.257057,,
BATTERY,7,91.319818,52023932.710624,,
BATTERY,7,91.318919,52025692.710624,,
BATTERY,7,91.221755,52628778.000000,,
BATTERY,7,91.219596,52633002.000000,,
BATTERY,7,91.219524,52633450.000000,,
BATTERY,7,91.217462,52637867.000000,,
BATTERY,7,91.158274,53005241.617420,,
BATTERY,7,91.157375,53007001.617420,,
BATTERY,7,91.157173,53008255.693808,,
BATTERY,7,91.156261,53010208.693808,,
BATTERY,7,91.155628,53014137.550462,,
BATTERY,7,91.154729,53015897.550462,,
BATTERY,7,91.153321,53024635.897366,,
BATTERY,7,91.152421,53026395.897366,,
BATTERY,7,91.055208,53629788.000000,,
BATTERY,7,91.053049,53634012.000000,,
BATTERY,7,91.052874,53635100.000000,,
BATTERY,7,91.050813,53639517.000000,,
BATTERY,7,90.991726,54006264.804163,,
BATTERY,7,90.990826,54008024.804163,,
BATTERY,7,90.990629,54009250.457259,,
BATTERY,7,90.989717,54011203.457259,,
BATTERY,7,90.989283,54013895.843867,,
BATTERY,7,90.988384,54015655.843867,,
BATTERY,7,90.987339,54022139.084109,,
BATTERY,7,90.986440,54023899.084109,,
BATTERY,7,90.929229,54379002.000000,,
BATTERY,7,90.929229,54379002.000000,,
BATTERY,7,90.889038,54628464.000000,,
BATTERY,7,90.886879,54632688.000000,,
BATTERY,7,90.886652,54634096.000000,,
BATTERY,7,90.884591,54638513.000000,,
BATTERY,7,90.825692,55004087.990906,,
BATTERY,7,90.824793,55005847.990906,,
BATTERY,7,90.824536,55007439.750664,,
BATTERY,7,90.823637,55009199.750664,,
BATTERY,7,90.823565,55009648.750664,,
BATTERY,7,90.822653,55011601.750664,,
BATTERY,7,90.822168,55014614.137272,,
BATTERY,7,90.821268,55016374.137272,,
BATTERY,7,90.820226,55022842.270852,,
BATTERY,7,90.819327,55024602.270852,,
BATTERY,7,90.803507,55122795.000000,,
BATTERY,7,90.802536,55124876.000000,,
BATTERY,7,90.721049,55630657.000000,,
BATTERY,7,90.718890,55634881.000000,,
BATTERY,7,90.718817,55635329.000000,,
BATTERY,7,90.716756,55639746.000000,,
BATTERY,7,90.657840,56005431.177648,,
BATTERY,7,90.656941,56007191.177648,,
BATTERY,7,90.656888,56007518.044069,,
BATTERY,7,90.655988,56009278.044069,,
BATTERY,7,90.655813,56010367.044069,,
BATTERY,7,90.654902,56012320.044069,,
BATTERY,7,90.654623,56014052.430677,,
BATTERY,7,90.653723,56015812.430677,,
BATTERY,7,90.652426,56023865.457595,,
BATTERY,7,90.651526,56025625.457595,,
BATTERY,7,90.553985,56631054.000000,,
BATTERY,7,90.551826,56635278.000000,,
BATTERY,7,90.551702,56636046.000000,,
BATTERY,7,90.549641,56640463.000000,,
BATTERY,7,90.490801,57005676.337474,,
BATTERY,7,90.489901,57007436.337474,,
BATTERY,7,90.489497,57009943.364391,,
BATTERY,7,90.488586,57011896.364391,,
BATTERY,7,90.487556,57018290.724082,,
BATTERY,7,90.486656,57020050.724082,,
BATTERY,7,90.485392,57027896.644337,,
BATTERY,7,90.484493,57029656.644337,,
BATTERY,7,90.468822,57126924.000000,,
BATTERY,7,90.468822,57126924.000000,,
BATTERY,7,90.391966,57603960.000000,,
BATTERY,7,90.391966,57603960.000000,,
BATTERY,7,90.387950,57628884.000000,,
BATTERY,7,90.385791,57633108.000000,,
BATTERY,7,90.385462,57635156.000000,,
BATTERY,7,90.383400,57639573.000000,,
BATTERY,7,90.324642,58004277.551134,,
BATTERY,7,90.323743,58006037.551134,,
BATTERY,7,90.323634,58006714.630879,,
BATTERY,7,90.322734,58008474.630879,,
BATTERY,7,90.322352,58010843.630879,,
BATTERY,7,90.321441,58012796.630879,,
BATTERY,7,90.321317,58013569.017487,,
BATTERY,7,90.320417,58015329.017487,,
BATTERY,7,90.319279,58022391.831080,,
BATTERY,7,90.318380,58024151.831080,,
BATTERY,7,90.220750,58630126.000000,,
BATTERY,7,90.218591,58634350.000000,,
BATTERY,7,90.218262,58636398.000000,,
BATTERY,7,90.216200,58640815.000000,,
BATTERY,7,90.161197,58982213.000000,,
BATTERY,7,90.159038,58986437.000000,,
BATTERY,7,90.158657,58988805.000000,,
BATTERY,7,90.156596,58993222.000000,,
BATTERY,7,90.154856,59004020.737877,,
BATTERY,7,90.153956,59005780.737877,,
BATTERY,7,90.153380,59009354.413861,,
BATTERY,7,90.152469,59011307.413861,,
BATTERY,7,90.152401,59011727.310892,,
BATTERY,7,90.151502,59013487.310892,,
BATTERY,7,90.150057,59022455.017823,,
BATTERY,7,90.149157,59024215.017823,,
BATTERY,7,90.051651,59629430.000000,,
BATTERY,7,90.049492,59633654.000000,,
BATTERY,7,90.049265,59635062.000000,,
BATTERY,7,90.047204,59639479.000000,,
BATTERY,7,89.988513,60003763.924619,,
BATTERY,7,89.987614,60005523.924619,,
BATTERY,7,89.987603,60005591.217689,,
BATTERY,7,89.986703,60007351.217689,,
BATTERY,7,89.986425,60009080.217689,,
BATTERY,7,89.985513,60011033.217689,,
BATTERY,7,89.985234,60012765.604297,,
BATTERY,7,89.984335,60014525.604297,,
BATTERY,7,89.983150,60021878.204566,,
BATTERY,7,89.982251,60023638.204566,,
BATTERY,7,89.884868,60628084.000000,,
BATTERY,7,89.882709,60632308.000000,,
BATTERY,7,89.882379,60634356.000000,,
BATTERY,7,89.880317,60638773.000000,,
BATTERY,7,89.825531,60978825.000000,,
BATTERY,7,89.823372,60983049.000000,,
BATTERY,7,89.823300,60983497.000000,,
BATTERY,7,89.821239,60987914.000000,,
BATTERY,7,89.818572,61004467.111362,,
BATTERY,7,89.817672,61006227.111362,,
BATTERY,7,89.817281,61008653.987213,,
BATTERY,7,89.816370,61010606.987213,,
BATTERY,7,89.816216,61011563.897702,,
BATTERY,7,89.815316,61013323.897702,,
BATTERY,7,89.813928,61021941.391308,,
BATTERY,7,89.813028,61023701.391308,,
BATTERY,7,89.715492,61629098.000000,,
BATTERY,7,89.713333,61633322.000000,,
BATTERY,7,89.713055,61635050.000000,,
BATTERY,7,89.710994,61639467.000000,,
BATTERY,7,89.652539,62002290.298105,,
BATTERY,7,89.651639,62004050.298105,,
BATTERY,7,89.651417,62005427.804498,,
BATTERY,7,89.650518,62007187.804498,,
BATTERY,7,89.650394,62007956.804498,,
BATTERY,7,89.649482,62009909.804498,,
BATTERY,7,89.649306,62011002.191107,,
BATTERY,7,89.648407,62012762.191107,,
BATTERY,7,89.646918,62022004.578051,,
BATTERY,7,89.646018,62023764.578051,,
BATTERY,7,89.548283,62630399.000000,,
BATTERY,7,89.546124,62634623.000000,,
BATTERY,7,89.545794,62636671.000000,,
BATTERY,7,89.543733,62641088.000000,,
BATTERY,7,89.485219,63004273.484848,,
BATTERY,7,89.484320,63006033.484848,,
BATTERY,7,89.484165,63006993.560564,,
BATTERY,7,89.483254,63008946.560564,,
BATTERY,7,89.482962,63010760.484512,,
BATTERY,7,89.482062,63012520.484512,,
BATTERY,7,89.480782,63020467.764794,,
BATTERY,7,89.479882,63022227.764794,,
BATTERY,7,89.381674,63631796.000000,,
BATTERY,7,89.379515,63636020.000000,,
BATTERY,7,89.379236,63637748.000000,,
BATTERY,7,89.377175,63642165.000000,,
BATTERY,7,89.355801,63774830.000000,,
BATTERY,7,89.355801,63774830.000000,,
BATTERY,7,89.318928,64003696.671590,,
BATTERY,7,89.318029,64005456.671590,,
BATTERY,7,89.318008,64005584.391308,,
BATTERY,7,89.317109,64007344.391308,,
BATTERY,7,89.316985,64008113.391308,,
BATTERY,7,89.316073,64010066.391308,,
BATTERY,7,89.315949,64010838.777917,,
BATTERY,7,89.315049,64012598.777917,,
BATTERY,7,89.313771,64020530.951537,,
BATTERY,7,89.312872,64022290.951537,,
BATTERY,7,89.214837,64630782.000000,,
BATTERY,7,89.212678,64635006.000000,,
BATTERY,7,89.212348,64637054.000000,,
BATTERY,7,89.210287,64641471.000000,,
BATTERY,7,89.152228,65001839.858333,,
BATTERY,7,89.151328,65003599.858333,,
BATTERY,7,89.151202,65004382.684713,,
BATTERY,7,89.150302,65006142.684713,,
BATTERY,7,89.150072,65007573.133915,,
BATTERY,7,89.149161,65009526.133915,,
BATTERY,7,89.148782,65011877.071322,,
BATTERY,7,89.147882,65013637.071322,,
BATTERY,7,89.146710,65020914.138279,,
BATTERY,7,89.145810,65022674.138279,,
BATTERY,7,89.065921,65518539.000000,,
BATTERY,7,89.065921,65518539.000000,,
BATTERY,7,89.047485,65632970.000000,,
BATTERY,7,89.045326,65637194.000000,,
BATTERY,7,89.044944,65639562.000000,,
BATTERY,7,89.042883,65643979.000000,,
BATTERY,7,88.985269,66001583.045076,,
BATTERY,7,88.984370,66003343.045076,,
BATTERY,7,88.983435,66009142.920591,,
BATTERY,7,88.982524,66011095.920591,,
BATTERY,7,88.982385,66011955.364727,,
BATTERY,7,88.981486,66013715.364727,,
BATTERY,7,88.980625,66019057.325022,,
BATTERY,7,88.979726,66020817.325022,,
BATTERY,7,88.881196,66632378.000000,,
BATTERY,7,88.879037,66636602.000000,,
BATTERY,7,88.878707,66638650.000000,,
BATTERY,7,88.876646,66643067.000000,,
BATTERY,7,88.818617,67003246.231819,,
BATTERY,7,88.817718,67005006.231819,,
BATTERY,7,88.817365,67007192.707266,,
BATTERY,7,88.816454,67009145.707266,,
BATTERY,7,88.816143,67011073.658132,,
BATTERY,7,88.815244,67012833.658132,,
BATTERY,7,88.813973,67020720.511765,,
BATTERY,7,88.813074,67022480.511765,,
BATTERY,7,88.714513,67634236.000000,,
BATTERY,7,88.712354,67638460.000000,,
BATTERY,7,88.712179,67639548.000000,,
BATTERY,7,88.710118,67643965.000000,,
BATTERY,7,88.652429,68002029.418561,,
BATTERY,7,88.651530,68003789.418561,,
BATTERY,7,88.651396,68004617.564928,,
BATTERY,7,88.650497,68006377.564928,,
BATTERY,7,88.650370,68007162.493942,,
BATTERY,7,88.649459,68009115.493942,,
BATTERY,7,88.649131,68011151.951537,,
BATTERY,7,88.648231,68012911.951537,,
BATTERY,7,88.647118,68019823.698508,,
BATTERY,7,88.646218,68021583.698508,,
BATTERY,7,88.547875,68631993.000000,,
BATTERY,7,88.545716,68636217.000000,,
BATTERY,7,88.545386,68638265.000000,,
BATTERY,7,88.543324,68642682.000000,,
BATTERY,7,88.485677,69000492.605304,,
BATTERY,7,88.484778,69002252.605304,,
BATTERY,7,88.484487,69004055.858333,,
BATTERY,7,88.483588,69005815.858333,,
BATTERY,7,88.483118,69008732.280618,,
BATTERY,7,88.482206,69010685.280618,,
BATTERY,7,88.480623,69020510.244942,,
BATTERY,7,88.479724,69022270.244942,,
BATTERY,7,88.381286,69633264.000000,,
BATTERY,7,88.379127,69637488.000000,,
BATTERY,7,88.379055,69637936.000000,,
BATTERY,7,88.376994,69642353.000000,,
BATTERY,7,88.319025,70002155.792047,,
BATTERY,7,88.318126,70003915.792047,,
BATTERY,7,88.317303,70009022.067293,,
BATTERY,7,88.316392,70010975.067293,,
BATTERY,7,88.316183,70012268.538347,,
BATTERY,7,88.315284,70014028.538347,,
BATTERY,7,88.314433,70019310.071993,,
BATTERY,7,88.313533,70021070.071993,,
BATTERY,7,88.214354,70636668.000000,,
BATTERY,7,88.212195,70640892.000000,,
BATTERY,7,88.212071,70641660.000000,,
BATTERY,7,88.210010,70646077.000000,,
BATTERY,7,88.152631,71002218.978790,,
BATTERY,7,88.151732,71003978.978790,,
BATTERY,7,88.151079,71008031.853969,,
BATTERY,7,88.150167,71009984.853969,,
BATTERY,7,88.150045,71010746.831752,,
BATTERY,7,88.149145,71012506.831752,,
BATTERY,7,88.147936,71020013.258736,,
BATTERY,7,88.147036,71021773.258736,,
BATTERY,7,88.047989,71636548.000000,,
BATTERY,7,88.045830,71640772.000000,,
BATTERY,7,88.045552,71642500.000000,,
BATTERY,7,88.043490,71646917.000000,,
BATTERY,7,87.986495,72000682.165532,,
BATTERY,7,87.985595,72002442.165532,,
BATTERY,7,87.984657,72008265.125156,,
BATTERY,7,87.983758,72010025.125156,,
BATTERY,7,87.983201,72013482.125156,,
BATTERY,7,87.982289,72015435.125156,,
BATTERY,7,87.981799,72018476.445479,,
BATTERY,7,87.980900,72020236.445479,,
BATTERY,7,87.881769,72635529.000000,,
BATTERY,7,87.879610,72639753.000000,,
BATTERY,7,87.879383,72641161.000000,,
BATTERY,7,87.877322,72645578.000000,,
BATTERY,7,87.820307,72999465.352275,,
BATTERY,7,87.819407,73001225.352275,,
BATTERY,7,87.819056,73003409.031953,,
BATTERY,7,87.818156,73005169.031953,,
BATTERY,7,87.817602,73008611.427320,,
BATTERY,7,87.816690,73010564.427320,,
BATTERY,7,87.816532,73011543.418561,,
BATTERY,7,87.815633,73013303.418561,,
BATTERY,7,87.814944,73017579.632221,,
BATTERY,7,87.814044,73019339.632221,,
BATTERY,7,87.714677,73636100.000000,,
BATTERY,7,87.712518,73640324.000000,,
BATTERY,7,87.712446,73640772.000000,,
BATTERY,7,87.710385,73645189.000000,,
BATTERY,7,87.653245,73999848.539018,,
BATTERY,7,87.652346,74001608.539018,,
BATTERY,7,87.651532,74006661.213996,,
BATTERY,7,87.650620,74008614.213996,,
BATTERY,7,87.650394,74010021.711966,,
BATTERY,7,87.649494,74011781.711966,,
BATTERY,7,87.648498,74017962.818964,,
BATTERY,7,87.647599,74019722.818964,,
BATTERY,7,87.548055,74637581.000000,,
BATTERY,7,87.545896,74641805.000000,,
BATTERY,7,87.545824,74642253.000000,,
BATTERY,7,87.543762,74646670.000000,,
BATTERY,7,87.489833,74981402.000000,,
BATTERY,7,87.487675,74985626.000000,,
BATTERY,7,87.487448,74987034.000000,,
BATTERY,7,87.485386,74991451.000000,,
BATTERY,7,87.484126,74999271.725761,,
BATTERY,7,87.483227,75001031.725761,,
BATTERY,7,87.483025,75002285.618763,,
BATTERY,7,87.482125,75004045.618763,,
BATTERY,7,87.481451,75008231.000671,,
BATTERY,7,87.480540,75010184.000671,,
BATTERY,7,87.479316,75017780.005371,,
BATTERY,7,87.478416,75019540.005371,,
BATTERY,7,87.378895,75637260.000000,,
BATTERY,7,87.376736,75641484.000000,,
BATTERY,7,87.376354,75643852.000000,,
BATTERY,7,87.374293,75648269.000000,,
BATTERY,7,87.317835,75998694.912503,,
BATTERY,7,87.316936,76000454.912503,,
BATTERY,7,87.316628,76002363.912168,,
BATTERY,7,87.315729,76004123.912168,,
BATTERY,7,87.315278,76006920.787347,,
BATTERY,7,87.314367,76008873.787347,,
BATTERY,7,87.312882,76018089.192450,,
BATTERY,7,87.311982,76019849.192450,,
BATTERY,7,87.212154,76639476.000000,,
BATTERY,7,87.209995,76643700.000000,,
BATTERY,7,87.209665,76645748.000000,,
BATTERY,7,87.207604,76650165.000000,,
BATTERY,7,87.151441,76998758.099246,,
BATTERY,7,87.150542,77000518.099246,,
BATTERY,7,87.150386,77001482.205573,,
BATTERY,7,87.149487,77003242.205573,,
BATTERY,7,87.148848,77007210.574023,,
BATTERY,7,87.147936,77009163.574023,,
BATTERY,7,87.147172,77013904.592181,,
BATTERY,7,87.146273,77015664.592181,,
BATTERY,7,87.146181,77016232.379192,,
BATTERY,7,87.145282,77017992.379192,,
BATTERY,7,87.045129,77639630.000000,,
BATTERY,7,87.042970,77643854.000000,,
BATTERY,7,87.042589,77646222.000000,,
BATTERY,7,87.040527,77650639.000000,,
BATTERY,7,86.986879,77983628.000000,,
BATTERY,7,86.984720,77987852.000000,,
BATTERY,7,86.984390,77989900.000000,,
BATTERY,7,86.982329,77994317.000000,,
BATTERY,7,86.981655,77998501.285989,,
BATTERY,7,86.980755,78000261.285989,,
BATTERY,7,86.980752,78000280.498978,,
BATTERY,7,86.979853,78002040.498978,,
BATTERY,7,86.978929,78007774.885586,,
BATTERY,7,86.978029,78009534.885586,,
BATTERY,7,86.977029,78015743.885586,,
BATTERY,7,86.976117,78017696.885586,,
BATTERY,7,86.975209,78023335.565935,,
BATTERY,7,86.974309,78025095.565935,,
BATTERY,7,86.874860,78642370.000000,,
BATTERY,7,86.872701,78646594.000000,,
BATTERY,7,86.872525,78647682.000000,,
BATTERY,7,86.870464,78652099.000000,,
BATTERY,7,86.816649,78986124.000000,,
BATTERY,7,86.814490,78990348.000000,,
BATTERY,7,86.813387,78997196.000000,,
BATTERY,7,86.811326,79001613.000000,,
BATTERY,7,86.811012,79003558.792383,,
BATTERY,7,86.810112,79005318.792383,,
BATTERY,7,86.809859,79006893.178991,,
BATTERY,7,86.808959,79008653.178991,,
BATTERY,7,86.808578,79011022.178991,,
BATTERY,7,86.807666,79012975.178991,,
BATTERY,7,86.807173,79016038.752678,,
BATTERY,7,86.806273,79017798.752678,,
BATTERY,7,86.705293,79644570.000000,,
BATTERY,7,86.703134,79648794.000000,,
BATTERY,7,86.703062,79649242.000000,,
BATTERY,7,86.701001,79653659.000000,,
BATTERY,7,86.646744,79990425.000000,,
BATTERY,7,86.644585,79994649.000000,,
BATTERY,7,86.643944,79998627.659474,,
BATTERY,7,86.643045,80000387.659474,,
BATTERY,7,86.642972,80000836.659474,,
BATTERY,7,86.640911,80005253.659474,,
BATTERY,7,86.640559,80007439.934049,,
BATTERY,7,86.639647,80009392.934049,,
BATTERY,7,86.638512,80016437.085788,,
BATTERY,7,86.637613,80018197.085788,,
BATTERY,7,86.637252,80020438.085788,,
BATTERY,7,86.636352,80022198.085788,,
BATTERY,7,86.536077,80644596.000000,,
BATTERY,7,86.533918,80648820.000000,,
BATTERY,7,86.533691,80650228.000000,,
BATTERY,7,86.531630,80654645.000000,,
BATTERY,7,86.477685,80989476.000000,,
BATTERY,7,86.475526,80993700.000000,,
BATTERY,7,86.474722,80998690.846217,,
BATTERY,7,86.473823,81000450.846217,,
BATTERY,7,86.472701,81007409.720725,,
BATTERY,7,86.471790,81009362.720725,,
BATTERY,7,86.470797,81015525.126163,,
BATTERY,7,86.469898,81017285.126163,,
BATTERY,7,86.368779,81644917.000000,,
BATTERY,7,86.366620,81649141.000000,,
BATTERY,7,86.366290,81651189.000000,,
BATTERY,7,86.364229,81655606.000000,,
BATTERY,7,86.309099,81997794.032960,,
BATTERY,7,86.308199,81999554.032960,,
BATTERY,7,86.307030,82006808.059206,,
BATTERY,7,86.306131,82008568.059206,,
BATTERY,7,86.305234,82014137.059206,,
BATTERY,7,86.304322,82016090.059206,,
BATTERY,7,86.304197,82016868.312906,,
BATTERY,7,86.303297,82018628.312906,,
BATTERY,7,86.202481,82644382.000000,,
BATTERY,7,86.200322,82648606.000000,,
BATTERY,7,86.199941,82650974.000000,,
BATTERY,7,86.197880,82655391.000000,,
BATTERY,7,86.144246,82988288.000000,,
BATTERY,7,86.142087,82992512.000000,,
BATTERY,7,86.141329,82997217.219703,,
BATTERY,7,86.140430,82998977.219703,,
BATTERY,7,86.140260,83000031.966002,,
BATTERY,7,86.139360,83001791.966002,,
BATTERY,7,86.138568,83006709.294076,,
BATTERY,7,86.137657,83008662.294076,,
BATTERY,7,86.136860,83013606.352611,,
BATTERY,7,86.135961,83015366.352611,,
BATTERY,7,86.135811,83016291.499649,,
BATTERY,7,86.134912,83018051.499649,,
BATTERY,7,86.033425,83647973.000000,,
BATTERY,7,86.031266,83652197.000000,,
BATTERY,7,86.030987,83653925.000000,,
BATTERY,7,86.028926,83658342.000000,,
BATTERY,7,85.975134,83992225.000000,,
BATTERY,7,85.972975,83996449.000000,,
BATTERY,7,85.972841,83997280.406445,,
BATTERY,7,85.971941,83999040.406445,,
BATTERY,7,85.971872,83999470.259407,,
BATTERY,7,85.970972,84001230.259407,,
BATTERY,7,85.970100,84006644.646016,,
BATTERY,7,85.969201,84008404.646016,,
BATTERY,7,85.969025,84009493.646016,,
BATTERY,7,85.968114,84011446.646016,,
BATTERY,7,85.967323,84016354.686392,,
BATTERY,7,85.966423,84018114.686392,,
BATTERY,7,85.864687,84649583.000000,,
BATTERY,7,85.862528,84653807.000000,,
BATTERY,7,85.862301,84655215.000000,,
BATTERY,7,85.860240,84659632.000000,,
BATTERY,7,85.805624,84998623.593188,,
BATTERY,7,85.804725,85000383.593188,,
BATTERY,7,85.804707,85000493.000000,,
BATTERY,7,85.802548,85004717.000000,,
BATTERY,7,85.802394,85005678.000000,,
BATTERY,7,85.801494,85007438.000000,,
BATTERY,7,85.801339,85008399.000000,,
BATTERY,7,85.800440,85010159.000000,,
BATTERY,7,85.800316,85010928.000000,,
BATTERY,7,85.798254,85015345.000000,,
BATTERY,7,85.798133,85016097.873134,,
BATTERY,7,85.797234,85017857.873134,,
BATTERY,7,85.796593,85021835.005707,,
BATTERY,7,85.795681,85023788.005707,,
BATTERY,7,85.694824,85649801.000000,,
BATTERY,7,85.692665,85654025.000000,,
BATTERY,7,85.692283,85656393.000000,,
BATTERY,7,85.690222,85660810.000000,,
BATTERY,7,85.636305,85995468.000000,,
BATTERY,7,85.634146,85999692.000000,,
BATTERY,7,85.633663,86002687.779931,,
BATTERY,7,85.632764,86004447.779931,,
BATTERY,7,85.632436,86006481.232826,,
BATTERY,7,85.631537,86008241.232826,,
BATTERY,7,85.631516,86008370.232826,,
BATTERY,7,85.630604,86010323.232826,,
BATTERY,7,85.629819,86015201.059877,,
BATTERY,7,85.628919,86016961.059877,,
BATTERY,7,85.526671,86651603.000000,,
BATTERY,7,85.524512,86655827.000000,,
BATTERY,7,85.524285,86657235.000000,,
BATTERY,7,85.522224,86661652.000000,,
BATTERY,7,85.468556,86994762.000000,,
BATTERY,7,85.466397,86998986.000000,,
BATTERY,7,85.466243,86999947.000000,,
BATTERY,7,85.465343,87001707.000000,,
BATTERY,7,85.464871,87004639.526231,,
BATTERY,7,85.463971,87006399.526231,,
BATTERY,7,85.463847,87007168.526231,,
BATTERY,7,85.462936,87009121.526231,,
BATTERY,7,85.462101,87014304.246620,,
BATTERY,7,85.461201,87016064.246620,,
BATTERY,7,85.359143,87649531.000000,,
BATTERY,7,85.356984,87653755.000000,,
BATTERY,7,85.356912,87654203.000000,,
BATTERY,7,85.354850,87658620.000000,,
BATTERY,7,85.300248,87997533.153416,,
BATTERY,7,85.299348,87999293.153416,,
BATTERY,7,85.298319,88005677.819636,,
BATTERY,7,85.297420,88007437.819636,,
BATTERY,7,85.296626,88012366.819636,,
BATTERY,7,85.295714,88014319.819636,,
BATTERY,7,85.295604,88015007.433363,,
BATTERY,7,85.294704,88016767.433363,,
BATTERY,7,85.192558,88650780.000000,,
BATTERY,7,85.190399,88655004.000000,,
BATTERY,7,85.190017,88657372.000000,,
BATTERY,7,85.187956,88661789.000000,,
BATTERY,7,85.134183,88995549.000000,,
BATTERY,7,85.132024,88999773.000000,,
BATTERY,7,85.131952,89000221.000000,,
BATTERY,7,85.129891,89004638.000000,,
BATTERY,7,85.129798,89005214.000000,,
BATTERY,7,85.128899,89006974.000000,,
BATTERY,7,85.128692,89008255.000000,,
BATTERY,7,85.127793,89010015.000000,,
BATTERY,7,85.127741,89010334.098911,,
BATTERY,7,85.126830,89012287.098911,,
BATTERY,7,85.126330,89015390.620105,,
BATTERY,7,85.125430,89017150.620105,,
BATTERY,7,85.023187,89651764.000000,,
BATTERY,7,85.021028,89655988.000000,,
BATTERY,7,85.020956,89656436.000000,,
BATTERY,7,85.018895,89660853.000000,,
BATTERY,7,84.964889,89996059.526902,,
BATTERY,7,84.963990,89997819.526902,,
BATTERY,7,84.963751,89999300.019837,,
BATTERY,7,84.962852,90001060.019837,,
BATTERY,7,84.962237,90004874.406446,,
BATTERY,7,84.961337,90006634.406446,,
BATTERY,7,84.961059,90008363.406446,,
BATTERY,7,84.960148,90010316.406446,,
BATTERY,7,84.959475,90014493.806848,,
BATTERY,7,84.958575,90016253.806848,,
BATTERY,7,84.856173,90651853.000000,,
BATTERY,7,84.854014,90656077.000000,,
BATTERY,7,84.853890,90656845.000000,,
BATTERY,7,84.851829,90661262.000000,,
BATTERY,7,84.798034,90995162.713645,,
BATTERY,7,84.797134,90996922.713645,,
BATTERY,7,84.796945,90998098.313242,,
BATTERY,7,84.796045,90999858.313242,,
BATTERY,7,84.795173,91005272.699851,,
BATTERY,7,84.794273,91007032.699851,,
BATTERY,7,84.794046,91008441.699851,,
BATTERY,7,84.793135,91010394.699851,,
BATTERY,7,84.792516,91014236.993591,,
BATTERY,7,84.791616,91015996.993591,,
BATTERY,7,84.688731,91654597.000000,,
BATTERY,7,84.686572,91658821.000000,,
BATTERY,7,84.686242,91660869.000000,,
BATTERY,7,84.684181,91665286.000000,,
BATTERY,7,84.631075,91994905.900387,,
BATTERY,7,84.630176,91996665.900387,,
BATTERY,7,84.629984,91997856.606647,,
BATTERY,7,84.629084,91999616.606647,,
BATTERY,7,84.628212,92005030.993256,,
BATTERY,7,84.627312,92006790.993256,,
BATTERY,7,84.627240,92007239.993256,,
BATTERY,7,84.626329,92009192.993256,,
BATTERY,7,84.625609,92013660.180334,,
BATTERY,7,84.624709,92015420.180334,,
BATTERY,7,84.521580,92655534.000000,,
BATTERY,7,84.519421,92659758.000000,,
BATTERY,7,84.519194,92661166.000000,,
BATTERY,7,84.517133,92665583.000000,,
BATTERY,7,84.463962,92995609.087130,,
BATTERY,7,84.463063,92997369.087130,,
BATTERY,7,84.462481,93000975.900052,,
BATTERY,7,84.460323,93005199.900052,,
BATTERY,7,84.459807,93008400.900052,,
BATTERY,7,84.458907,93010160.900052,,
BATTERY,7,84.458758,93011087.900052,,
BATTERY,7,84.456697,93015504.900052,,
BATTERY,7,84.455985,93019920.900052,,
BATTERY,7,84.455074,93021873.900052,,
BATTERY,7,84.453861,93029403.367077,,
BATTERY,7,84.452961,93031163.367077,,
BATTERY,7,84.352144,93656924.000000,,
BATTERY,7,84.349985,93661148.000000,,
BATTERY,7,84.349861,93661916.000000,,
BATTERY,7,84.347800,93666333.000000,,
BATTERY,7,84.294946,93994392.273873,,
BATTERY,7,84.294047,93996152.273873,,
BATTERY,7,84.294005,93996413.193457,,
BATTERY,7,84.293105,93998173.193457,,
BATTERY,7,84.292130,94004227.580065,,
BATTERY,7,84.291230,94005987.580065,,
BATTERY,7,84.290694,94009316.580065,,
BATTERY,7,84.289782,94011269.580065,,
BATTERY,7,84.289325,94014106.553819,,
BATTERY,7,84.288426,94015866.553819,,
BATTERY,7,84.184929,94658259.000000,,
BATTERY,7,84.182770,94662483.000000,,
BATTERY,7,84.182646,94663251.000000,,
BATTERY,7,84.180585,94667668.000000,,
BATTERY,7,84.128039,94993815.460616,,
BATTERY,7,84.127140,94995575.460616,,
BATTERY,7,84.126786,94997771.486862,,
BATTERY,7,84.125886,94999531.486862,,
BATTERY,7,84.125680,95000812.486862,,
BATTERY,7,84.123521,95005036.486862,,
BATTERY,7,84.123449,95005484.486862,,
BATTERY,7,84.121388,95009901.486862,,
BATTERY,7,84.121009,95012249.740562,,
BATTERY,7,84.120110,95014009.740562,,
BATTERY,7,84.119132,95020077.486862,,
BATTERY,7,84.118233,95021837.486862,,
BATTERY,7,84.117851,95024206.486862,,
BATTERY,7,84.116939,95026159.486862,,
BATTERY,7,84.015347,95656733.000000,,
BATTERY,7,84.013188,95660957.000000,,
BATTERY,7,84.013064,95661725.000000,,
BATTERY,7,84.011003,95666142.000000,,
BATTERY,7,83.958098,95994518.647358,,
BATTERY,7,83.957198,95996278.647358,,
BATTERY,7,83.956945,95997849.780267,,
BATTERY,7,83.956046,95999609.780267,,
BATTERY,7,83.955431,96003424.166875,,
BATTERY,7,83.954532,96005184.166875,,
BATTERY,7,83.953228,96013272.927305,,
BATTERY,7,83.952329,96015032.927305,,
BATTERY,7,83.951774,96018476.520859,,
BATTERY,7,83.950863,96020429.520859,,
BATTERY,7,83.847725,96660595.000000,,
BATTERY,7,83.845566,96664819.000000,,
BATTERY,7,83.845339,96666227.000000,,
BATTERY,7,83.843278,96670644.000000,,
BATTERY,7,83.791139,96994261.834101,,
BATTERY,7,83.790240,96996021.834101,,
BATTERY,7,83.790036,96997288.073672,,
BATTERY,7,83.789136,96999048.073672,,
BATTERY,7,83.788316,97004142.460280,,
BATTERY,7,83.787416,97005902.460280,,
BATTERY,7,83.787241,97006991.460280,,
BATTERY,7,83.786329,97008944.460280,,
BATTERY,7,83.785931,97011416.114048,,
BATTERY,7,83.785031,97013176.114048,,
BATTERY,7,83.681099,97658275.000000,,
BATTERY,7,83.678940,97662499.000000,,
BATTERY,7,83.678301,97666467.000000,,
BATTERY,7,83.676239,97670884.000000,,
BATTERY,7,83.624336,97993045.020844,,
BATTERY,7,83.623436,97994805.020844,,
BATTERY,7,83.623075,97997046.367077,,
BATTERY,7,83.622175,97998806.367077,,
BATTERY,7,83.621458,98003260.753685,,
BATTERY,7,83.620558,98005020.753685,,
BATTERY,7,83.619926,98008944.094211,,
BATTERY,7,83.619015,98010897.094211,,
BATTERY,7,83.618663,98013079.300790,,
BATTERY,7,83.617764,98014839.300790,,
BATTERY,7,83.514026,98658728.000000,,
BATTERY,7,83.511867,98662952.000000,,
BATTERY,7,83.511743,98663720.000000,,
BATTERY,7,83.509682,98668137.000000,,
BATTERY,7,83.457119,98994388.207587,,
BATTERY,7,83.456220,98996148.207587,,
BATTERY,7,83.456217,98996164.660482,,
BATTERY,7,83.455318,98997924.660482,,
BATTERY,7,83.454497,99003019.047090,,
BATTERY,7,83.453597,99004779.047090,,
BATTERY,7,83.452694,99010385.880886,,
BATTERY,7,83.451783,99012338.880886,,
BATTERY,7,83.449725,99025110.487533,,
BATTERY,7,83.448825,99026870.487533,,
BATTERY,7,83.346732,99660555.000000,,
BATTERY,7,83.344573,99664779.000000,,
BATTERY,7,83.343830,99669387.000000,,
BATTERY,7,83.341769,99673804.000000,,
BATTERY,7,83.290161,99994131.394329,,
BATTERY,7,83.289261,99995891.394329,,
BATTERY,7,83.289127,99996723.953887,,
